0
6
9 0 3
9
15
17 0 3
17
23
26 0 3
26
32
33 0 3
33
39
40 0 3
40
40
41 0 1
41
41
44 0 1
44
44
46 0 1
46
52
54 0 3
54
57
60 0 2
60
60
62 0 1
62
65
68 0 2
68
71
74 0 2
74
74
77 0 1
77
83
85 0 3
85
91
93 0 3
93
93
96 0 1
96
102
105 0 3
105
105
106 0 1
106
112
114 0 3
114
114
117 0 1
117
120
123 0 2
123
123
126 0 1
126
132
135 0 3
135
141
144 0 3
144
144
147 0 1
147
153
154 0 3
154
160
162 0 3
162
162
165 0 1
165
171
174 0 3
174
180
182 0 3
182
185
186 0 2
186
189
192 0 2
192
198
200 0 3
200
206
207 0 3
207
213
215 0 3
215
218
221 0 2
221
227
228 0 3
228
234
235 0 3
235
241
243 0 3
243
243
246 0 1
246
246
249 0 1
249
249
250 0 1
250
256
258 0 3
258
264
267 0 3
267
267
270 0 1
270
276
278 0 3
278
284
286 0 3
286
286
289 0 1
289
289
292 0 1
292
295
298 0 2
298
304
306 0 3
306
306
307 0 1
307
310
313 0 2
313
313
316 0 1
316
319
321 0 2
321
327
329 0 3
329
329
332 0 1
332
338
340 0 3
340
340
343 0 1
343
349
350 0 3
350
356
358 0 3
358
361
362 0 2
362
362
365 0 1
365
368
371 0 2
371
371
374 0 1
374
374
375 0 1
375
375
378 0 1
378
384
386 0 3
386
389
392 0 2
392
398
400 0 3
400
400
403 0 1
403
403
405 0 1
405
411
412 0 3
412
418
419 0 3
419
425
427 0 3
427
427
430 0 1
430
436
438 0 3
438
438
440 0 1
440
446
447 0 3
447
453
456 0 3
456
462
464 0 3
464
467
470 0 2
470
476
477 0 3
477
477
478 0 1
478
478
481 0 1
481
487
489 0 3
489
489
492 0 1
492
492
495 0 1
495
498
501 0 2
501
507
509 0 3
509
515
516 0 3
516
516
517 0 1
517
517
520 0 1
520
520
523 0 1
523
529
531 0 3
531
534
535 0 2
535
535
538 0 1
538
538
540 0 1
540
546
548 0 3
548
548
549 0 1
549
552
555 0 2
555
555
558 0 1
558
558
561 0 1
561
561
564 0 1
564
564
566 0 1
566
572
575 0 3
575
581
584 0 3
584
590
592 0 3
592
592
595 0 1
595
601
603 0 3
603
609
610 0 3
610
610
612 0 1
612
615
618 0 2
618
618
619 0 1
619
625
626 0 3
626
632
634 0 3
634
634
636 0 1
636
642
644 0 3
644
644
647 0 1
647
647
650 0 1
650
650
653 0 1
653
653
656 0 1
656
662
664 0 3
664
664
665 0 1
665
665
668 0 1
668
668
669 0 1
669
675
676 0 3
676
682
684 0 3
684
690
692 0 3
692
692
695 0 1
695
695
698 0 1
698
698
701 0 1
701
701
702 0 1
702
708
710 0 3
710
710
713 0 1
713
719
721 0 3
721
721
724 0 1
724
730
733 0 3
733
739
741 0 3
741
741
744 0 1
744
750
753 0 3
753
759
761 0 3
761
767
769 0 3
769
772
775 0 2
775
781
784 0 3
784
790
792 0 3
792
798
801 0 3
801
807
809 0 3
809
809
812 0 1
812
812
814 0 1
814
814
817 0 1
817
820
823 0 2
823
823
825 0 1
825
825
828 0 1
828
828
831 0 1
831
834
837 0 2
837
843
845 0 3
845
845
848 0 1
848
854
857 0 3
857
863
865 0 3
865
871
873 0 3
873
873
874 0 1
874
880
883 0 3
883
883
886 0 1
886
892
894 0 3
894
894
897 0 1
897
897
900 0 1
900
906
908 0 3
908
908
911 0 1
911
917
919 0 3
919
925
927 0 3
927
927
929 0 1
929
935
937 0 3
937
937
940 0 1
940
943
946 0 2
946
952
954 0 3
954
960
962 0 3
962
962
965 0 1
965
965
968 0 1
968
968
971 0 1
971
971
974 0 1
974
980
983 0 3
983
983
984 0 1
984
990
992 0 3
992
992
995 0 1
995
1001
1003 0 3
1003
1006
1009 0 2
1009
1012
1014 0 2
1014
1017
1020 0 2
1020
1020
1021 0 1
1021
1027
1029 0 3
1029
1035
1037 0 3
1037
1043
1045 0 3
1045
1048
1051 0 2
1051
1057
1059 0 3
1059
1059
1062 0 1
1062
1068
1071 0 3
1071
1071
1073 0 1
1073
1073
1076 0 1
1076
1082
1083 0 3
1083
1083
1085 0 1
1085
1088
1091 0 2
1091
1097
1099 0 3
1099
1099
1102 0 1
1102
1108
1110 0 3
1110
1116
1117 0 3
1117
1123
1125 0 3
1125
1131
1133 0 3
1133
1136
1137 0 2
1137
1143
1144 0 3
1144
1144
1147 0 1
1147
1147
1150 0 1
1150
1156
1159 0 3
1159
1165
1167 0 3
1167
1173
1174 0 3
1174
1180
1182 0 3
1182
1182
1185 0 1
1185
1191
1193 0 3
1193
1199
1201 0 3
1201
1207
1209 0 3
1209
1215
1217 0 3
1217
1223
1225 0 3
1225
1231
1233 0 3
1233
1239
1241 0 3
1241
1247
1249 0 3
1249
1249
1251 0 1
1251
1251
1254 0 1
1254
1254
1257 0 1
1257
1257
1260 0 1
1260
1263
1265 0 2
1265
1265
1266 0 1
1266
1266
1269 0 1
1269
1275
1277 0 3
1277
1283
1285 0 3
1285
1285
1288 0 1
1288
1294
1296 0 3
1296
1296
1299 0 1
1299
1299
1302 0 1
1302
1308
1310 0 3
1310
1310
1311 0 1
1311
1317
1319 0 3
1319
1325
1326 0 3
1326
1332
1334 0 3
1334
1340
1341 0 3
1341
1347
1349 0 3
1349
1355
1357 0 3
1357
1363
1364 0 3
1364
1364
1367 0 1
1367
1373
1374 0 3
1374
1374
1377 0 1
1377
1377
1379 0 1
1379
1385
1387 0 3
1387
1393
1395 0 3
1395
1401
1404 0 3
1404
1407
1408 0 2
1408
1414
1417 0 3
1417
1417
1420 0 1
1420
1426
1429 0 3
1429
1435
1437 0 3
1437
1437
1440 0 1
1440
1446
1448 0 3
1448
1454
1456 0 3
1456
1456
1459 0 1
1459
1465
1467 0 3
1467
1473
1476 0 3
1476
1476
1478 0 1
1478
1484
1486 0 3
1486
1486
1489 0 1
1489
1495
1498 0 3
1498
1501
1504 0 2
1504
1510
1513 0 3
1513
1513
1515 0 1
1515
1521
1523 0 3
1523
1529
1531 0 3
1531
1531
1533 0 1
1533
1533
1534 0 1
1534
1540
1541 0 3
1541
1547
1549 0 3
1549
1549
1552 0 1
1552
1558
1560 0 3
1560
1560
1562 0 1
1562
1568
1570 0 3
1570
1576
1577 0 3
1577
1583
1584 0 3
1584
1590
1593 0 3
1593
1599
1602 0 3
1602
1608
1610 0 3
1610
1610
1612 0 1
1612
1612
1615 0 1
1615
1618
1620 0 2
1620
1623
1624 0 2
1624
1630
1632 0 3
1632
1632
1634 0 1
1634
1634
1635 0 1
1635
1641
1643 0 3
1643
1649
1651 0 3
1651
1654
1656 0 2
1656
1662
1664 0 3
1664
1670
1672 0 3
1672
1678
1679 0 3
1679
1685
1687 0 3
1687
1687
1690 0 1
1690
1696
1698 0 3
1698
1698
1699 0 1
1699
1705
1706 0 3
1706
1706
1707 0 1
1707
1713
1715 0 3
1715
1721
1724 0 3
1724
1727
1730 0 2
1730
1730
1733 0 1
1733
1733
1736 0 1
1736
1742
1744 0 3
1744
1750
1752 0 3
1752
1758
1760 0 3
1760
1763
1766 0 2
1766
1766
1769 0 1
1769
1775
1777 0 3
1777
1783
1785 0 3
1785
1785
1788 0 1
1788
1794
1797 0 3
1797
1803
1805 0 3
1805
1805
1807 0 1
1807
1813
1814 0 3
1814
1820
1822 0 3
1822
1822
1825 0 1
1825
1831
1834 0 3
1834
1834
1837 0 1
1837
1840
1843 0 2
1843
1843
1846 0 1
1846
1852
1854 0 3
1854
1857
1858 0 2
1858
1864
1865 0 3
1865
1868
1869 0 2
1869
1875
1877 0 3
1877
1877
1879 0 1
1879
1882
1885 0 2
1885
1891
1893 0 3
1893
1896
1899 0 2
1899
1905
1907 0 3
1907
1907
1910 0 1
1910
1913
1916 0 2
1916
1922
1924 0 3
1924
1924
1927 0 1
1927
1927
1930 0 1
1930
1936
1939 0 3
1939
1939
1942 0 1
1942
1942
1944 0 1
1944
1944
1947 0 1
1947
1947
1949 0 1
1949
1949
1952 0 1
1952
1958
1960 0 3
1960
1960
1963 0 1
1963
1969
1971 0 3
1971
1977
1979 0 3
1979
1979
1982 0 1
1982
1982
1984 0 1
1984
1990
1991 0 3
1991
1997
1999 0 3
1999
2005
2006 0 3
2006
2006
2008 0 1
2008
2014
2016 0 3
2016
2019
2022 0 2
2022
2022
2025 0 1
2025
2031
2033 0 3
2033
2039
2041 0 3
2041
2044
2047 0 2
2047
2047
2050 0 1
2050
2050
2051 0 1
2051
2054
2057 0 2
2057
2063
2066 0 3
2066
2069
2072 0 2
2072
2072
2075 0 1
2075
2075
2078 0 1
2078
2084
2085 0 3
2085
2085
2088 0 1
2088
2094
2096 0 3
2096
2096
2099 0 1
2099
2099
2102 0 1
2102
2102
2104 0 1
2104
2104
2107 0 1
2107
2113
2115 0 3
2115
2115
2116 0 1
2116
2122
2123 0 3
2123
2126
2127 0 2
2127
2130
2132 0 2
2132
2138
2140 0 3
2140
2146
2148 0 3
2148
2154
2156 0 3
2156
2162
2164 0 3
2164
2167
2169 0 2
2169
2172
2173 0 2
2173
2179
2181 0 3
2181
2187
2190 0 3
2190
2196
2198 0 3
2198
2198
2201 0 1
2201
2207
2208 0 3
2208
2211
2213 0 2
2213
2216
2219 0 2
2219
2219
2222 0 1
2222
2228
2230 0 3
2230
2236
2237 0 3
2237
2243
2246 0 3
2246
2252
2254 0 3
2254
2260
2262 0 3
2262
2265
2266 0 2
2266
2272
2273 0 3
2273
2279
2281 0 3
2281
2287
2289 0 3
2289
2295
2296 0 3
2296
2302
2303 0 3
2303
2309
2310 0 3
2310
2310
2313 0 1
2313
2316
2318 0 2
2318
2318
2320 0 1
2320
2320
2323 0 1
2323
2329
2331 0 3
2331
2337
2339 0 3
2339
2345
2348 0 3
2348
2351
2352 0 2
2352
2352
2355 0 1
2355
2361
2363 0 3
2363
2363
2364 0 1
2364
2364
2367 0 1
2367
2367
2370 0 1
2370
2376
2378 0 3
2378
2381
2382 0 2
2382
2388
2390 0 3
2390
2390
2393 0 1
2393
2393
2394 0 1
2394
2400
2402 0 3
2402
2402
2404 0 1
2404
2410
2412 0 3
2412
2412
2415 0 1
2415
2415
2417 0 1
2417
2417
2418 0 1
2418
2421
2423 0 2
2423
2423
2424 0 1
2424
2430
2432 0 3
2432
2438
2440 0 3
2440
2446
2448 0 3
2448
2448
2451 0 1
2451
2451
2452 0 1
2452
2452
2455 0 1
2455
2461
2464 0 3
2464
2467
2468 0 2
2468
2474
2477 0 3
2477
2483
2484 0 3
2484
2484
2487 0 1
2487
2493
2494 0 3
2494
2494
2496 0 1
2496
2502
2504 0 3
2504
2507
2510 0 2
2510
2513
2516 0 2
2516
2522
2524 0 3
2524
2524
2527 0 1
2527
2527
2530 0 1
2530
2530
2533 0 1
2533
2533
2534 0 1
2534
2540
2542 0 3
2542
2545
2546 0 2
2546
2549
2552 0 2
2552
2552
2553 0 1
2553
2553
2556 0 1
2556
2556
2559 0 1
2559
2559
2562 0 1
2562
2565
2568 0 2
2568
2574
2576 0 3
2576
2579
2580 0 2
2580
2580
2583 0 1
2583
2589
2590 0 3
2590
2596
2598 0 3
2598
2604
2606 0 3
2606
2612
2614 0 3
2614
2620
2621 0 3
2621
2621
2624 0 1
2624
2630
2632 0 3
2632
2638
2639 0 3
2639
2639
2640 0 1
2640
2643
2646 0 2
2646
2652
2654 0 3
2654
2660
2663 0 3
2663
2669
2672 0 3
2672
2678
2679 0 3
2679
2685
2686 0 3
2686
2686
2689 0 1
2689
2695
2697 0 3
2697
2703
2705 0 3
2705
2705
2706 0 1
2706
2706
2707 0 1
2707
2713
2715 0 3
2715
2721
2723 0 3
2723
2726
2727 0 2
2727
2733
2734 0 3
2734
2740
2742 0 3
2742
2742
2745 0 1
2745
2751
2752 0 3
2752
2758
2760 0 3
2760
2766
2767 0 3
2767
2773
2774 0 3
2774
2780
2782 0 3
2782
2788
2790 0 3
2790
2796
2799 0 3
2799
2799
2802 0 1
2802
2805
2807 0 2
2807
2813
2815 0 3
2815
2815
2818 0 1
2818
2824
2825 0 3
2825
2825
2828 0 1
2828
2828
2829 0 1
2829
2835
2837 0 3
2837
2840
2843 0 2
2843
2849
2851 0 3
2851
2851
2853 0 1
2853
2856
2859 0 2
2859
2859
2862 0 1
2862
2862
2864 0 1
2864
2864
2866 0 1
2866
2872
2874 0 3
2874
2880
2881 0 3
2881
2884
2887 0 2
2887
2893
2895 0 3
2895
2901
2903 0 3
2903
2903
2906 0 1
2906
2906
2909 0 1
2909
2915
2916 0 3
2916
2919
2920 0 2
2920
2926
2928 0 3
2928
2928
2931 0 1
2931
2937
2940 0 3
2940
2940
2943 0 1
2943
2949
2951 0 3
2951
2957
2959 0 3
2959
2959
2962 0 1
2962
2968
2971 0 3
2971
2971
2974 0 1
2974
2980
2982 0 3
2982
2982
2984 0 1
2984
2990
2992 0 3
2992
2998
3000 0 3
3000
3000
3002 0 1
3002
3008
3010 0 3
3010
3010
3013 0 1
3013
3019
3021 0 3
3021
3021
3024 0 1
3024
3030
3033 0 3
3033
3039
3041 0 3
3041
3047
3049 0 3
3049
3052
3055 0 2
3055
3058
3061 0 2
3061
3067
3068 0 3
3068
3074
3075 0 3
3075
3078
3081 0 2
3081
3081
3084 0 1
3084
3084
3087 0 1
3087
3087
3090 0 1
3090
3096
3098 0 3
3098
3104
3106 0 3
3106
3109
3112 0 2
3112
3118
3120 0 3
3120
3126
3127 0 3
3127
3133
3135 0 3
3135
3141
3142 0 3
3142
3148
3151 0 3
3151
3151
3152 0 1
3152
3155
3156 0 2
3156
3159
3162 0 2
3162
3162
3165 0 1
3165
3171
3173 0 3
3173
3173
3176 0 1
3176
3176
3179 0 1
3179
3185
3187 0 3
3187
3193
3194 0 3
3194
3197
3200 0 2
3200
3203
3206 0 2
3206
3209
3210 0 2
3210
3210
3213 0 1
3213
3219
3221 0 3
3221
3221
3224 0 1
3224
3230
3231 0 3
3231
3231
3234 0 1
3234
3240
3242 0 3
3242
3248
3250 0 3
3250
3253
3256 0 2
3256
3256
3259 0 1
3259
3265
3267 0 3
3267
3273
3275 0 3
3275
3275
3278 0 1
3278
3281
3283 0 2
3283
3289
3291 0 3
3291
3297
3299 0 3
3299
3305
3307 0 3
3307
3313
3315 0 3
3315
3318
3321 0 2
3321
3327
3329 0 3
3329
3329
3332 0 1
3332
3332
3335 0 1
3335
3341
3343 0 3
3343
3349
3351 0 3
3351
3354
3357 0 2
3357
3363
3365 0 3
3365
3371
3373 0 3
3373
3379
3382 0 3
3382
3388
3390 0 3
3390
3390
3393 0 1
3393
3393
3396 0 1
3396
3399
3400 0 2
3400
3406
3407 0 3
3407
3413
3414 0 3
3414
3420
3422 0 3
3422
3428
3431 0 3
3431
3437
3439 0 3
3439
3445
3447 0 3
3447
3447
3450 0 1
3450
3450
3453 0 1
3453
3459
3460 0 3
3460
3466
3468 0 3
3468
3468
3471 0 1
3471
3471
3474 0 1
3474
3480
3482 0 3
3482
3488
3490 0 3
3490
3493
3495 0 2
3495
3498
3499 0 2
3499
3502
3505 0 2
3505
3505
3508 0 1
3508
3514
3516 0 3
3516
3522
3523 0 3
3523
3526
3529 0 2
3529
3535
3537 0 3
3537
3540
3543 0 2
3543
3543
3546 0 1
3546
3546
3549 0 1
3549
3549
3552 0 1
3552
3558
3560 0 3
3560
3563
3566 0 2
3566
3569
3572 0 2
3572
3578
3580 0 3
3580
3580
3581 0 1
3581
3584
3587 0 2
3587
3593
3595 0 3
3595
3595
3598 0 1
3598
3604
3606 0 3
3606
3609
3610 0 2
3610
3613
3616 0 2
3616
3622
3623 0 3
3623
3629
3632 0 3
3632
3638
3640 0 3
3640
3643
3646 0 2
3646
3646
3649 0 1
3649
3655
3656 0 3
3656
3656
3659 0 1
3659
3662
3665 0 2
3665
3671
3672 0 3
3672
3678
3680 0 3
3680
3683
3686 0 2
3686
3689
3692 0 2
3692
3695
3696 0 2
3696
3696
3697 0 1
3697
3703
3705 0 3
3705
3711
3712 0 3
3712
3718
3721 0 3
3721
3724
3726 0 2
3726
3732
3734 0 3
3734
3737
3740 0 2
3740
3740
3743 0 1
3743
3749
3751 0 3
3751
3757
3759 0 3
3759
3762
3765 0 2
3765
3771
3773 0 3
3773
3779
3780 0 3
3780
3786
3788 0 3
3788
3794
3796 0 3
3796
3796
3799 0 1
3799
3805
3807 0 3
3807
3813
3815 0 3
3815
3821
3822 0 3
3822
3822
3825 0 1
3825
3831
3833 0 3
3833
3839
3840 0 3
3840
3843
3846 0 2
3846
3846
3849 0 1
3849
3849
3852 0 1
3852
3858
3859 0 3
3859
3862
3865 0 2
3865
3871
3873 0 3
3873
3876
3879 0 2
3879
3885
3887 0 3
3887
3887
3890 0 1
3890
3890
3893 0 1
3893
3899
3901 0 3
3901
3907
3909 0 3
3909
3909
3912 0 1
3912
3918
3920 0 3
3920
3923
3926 0 2
3926
3932
3933 0 3
3933
3939
3941 0 3
3941
3941
3942 0 1
3942
3948
3949 0 3
3949
3955
3957 0 3
3957
3963
3965 0 3
3965
3965
3968 0 1
3968
3968
3969 0 1
3969
3975
3977 0 3
3977
3980
3981 0 2
3981
3981
3984 0 1
3984
3990
3991 0 3
3991
3991
3992 0 1
3992
3998
4000 0 3
4000
4003
4006 0 2
4006
4012
4013 0 3
4013
4019
4020 0 3
4020
4026
4027 0 3
4027
4033
4035 0 3
4035
4041
4043 0 3
4043
4043
4046 0 1
4046
4052
4054 0 3
4054
4060
4061 0 3
4061
4064
4067 0 2
4067
4067
4070 0 1
4070
4076
4078 0 3
4078
4084
4086 0 3
4086
4089
4090 0 2
4090
4090
4093 0 1
4093
4099
4101 0 3
4101
4107
4109 0 3
4109
4109
4111 0 1
4111
4117
4120 0 3
4120
4120
4123 0 1
4123
4129
4131 0 3
4131
4131
4134 0 1
4134
4140
4141 0 3
4141
4141
4144 0 1
4144
4144
4146 0 1
4146
4146
4149 0 1
4149
4152
4155 0 2
4155
4158
4161 0 2
4161
4161
4164 0 1
4164
4164
4167 0 1
4167
4173
4175 0 3
4175
4181
4184 0 3
4184
4190
4192 0 3
4192
4195
4196 0 2
4196
4202
4205 0 3
4205
4205
4208 0 1
4208
4208
4210 0 1
4210
4210
4213 0 1
4213
4213
4215 0 1
4215
4215
4218 0 1
4218
4218
4220 0 1
4220
4226
4228 0 3
4228
4228
4231 0 1
4231
4231
4234 0 1
4234
4234
4237 0 1
4237
4240
4243 0 2
4243
4243
4246 0 1
4246
4246
4249 0 1
4249
4249
4251 0 1
4251
4257
4258 0 3
4258
4258
4261 0 1
4261
4264
4266 0 2
4266
4266
4269 0 1
4269
4275
4278 0 3
4278
4284
4286 0 3
4286
4286
4289 0 1
4289
4295
4296 0 3
4296
4302
4304 0 3
4304
4304
4307 0 1
4307
4313
4315 0 3
4315
4315
4318 0 1
4318
4318
4320 0 1
4320
4326
4327 0 3
4327
4327
4330 0 1
4330
4336
4337 0 3
4337
4340
4343 0 2
4343
4346
4349 0 2
4349
4349
4352 0 1
4352
4352
4355 0 1
4355
4355
4358 0 1
4358
4364
4365 0 3
4365
4371
4372 0 3
4372
4378
4380 0 3
4380
4386
4387 0 3
4387
4393
4395 0 3
4395
4401
4404 0 3
4404
4407
4408 0 2
4408
4414
4417 0 3
4417
4417
4420 0 1
4420
4426
4428 0 3
4428
4434
4436 0 3
4436
4442
4444 0 3
4444
4450
4451 0 3
4451
4457
4459 0 3
4459
4459
4462 0 1
4462
4462
4465 0 1
4465
4471
4474 0 3
4474
4480
4482 0 3
4482
4485
4488 0 2
4488
4494
4495 0 3
4495
4501
4504 0 3
4504
4507
4510 0 2
4510
4516
4517 0 3
4517
4517
4520 0 1
4520
4520
4523 0 1
4523
4523
4525 0 1
4525
4525
4526 0 1
4526
4532
4533 0 3
4533
4539
4541 0 3
4541
4547
4549 0 3
4549
4555
4556 0 3
4556
4556
4559 0 1
4559
4565
4567 0 3
4567
4573
4575 0 3
4575
4575
4576 0 1
4576
4582
4585 0 3
4585
4591
4593 0 3
4593
4599
4601 0 3
4601
4607
4610 0 3
4610
4616
4618 0 3
4618
4624
4626 0 3
4626
4632
4635 0 3
4635
4641
4644 0 3
4644
4650
4651 0 3
4651
4657
4659 0 3
4659
4665
4666 0 3
4666
4672
4674 0 3
4674
4680
4682 0 3
4682
4688
4689 0 3
4689
4695
4697 0 3
4697
4703
4705 0 3
4705
4711
4714 0 3
4714
4720
4722 0 3
4722
4722
4725 0 1
4725
4725
4728 0 1
4728
4728
4731 0 1
4731
4737
4739 0 3
4739
4745
4746 0 3
4746
4746
4749 0 1
4749
4755
4757 0 3
4757
4757
4760 0 1
4760
4766
4768 0 3
4768
4774
4777 0 3
4777
4783
4786 0 3
4786
4792
4793 0 3
4793
4799
4801 0 3
4801
4804
4805 0 2
4805
4805
4807 0 1
4807
4807
4810 0 1
4810
4816
4818 0 3
4818
4818
4821 0 1
4821
4821
4824 0 1
4824
4824
4826 0 1
4826
4832
4833 0 3
4833
4836
4838 0 2
4838
4838
4841 0 1
4841
4841
4844 0 1
4844
4847
4850 0 2
4850
4853
4856 0 2
4856
4856
4859 0 1
4859
4865
4867 0 3
4867
4873
4875 0 3
4875
4881
4884 0 3
4884
4890
4893 0 3
4893
4899
4901 0 3
4901
4907
4908 0 3
4908
4914
4916 0 3
4916
4922
4923 0 3
4923
4923
4925 0 1
4925
4931
4933 0 3
4933
4933
4936 0 1
4936
4939
4940 0 2
4940
4940
4943 0 1
4943
4949
4951 0 3
4951
4957
4958 0 3
4958
4958
4961 0 1
4961
4967
4969 0 3
4969
4975
4977 0 3
4977
4983
4985 0 3
4985
4985
4988 0 1
4988
4988
4990 0 1
4990
4996
4999 0 3
4999
5005
5007 0 3
5007
5010
5011 0 2
5011
5011
5013 0 1
5013
5019
5021 0 3
5021
5027
5029 0 3
5029
5035
5037 0 3
5037
5037
5040 0 1
5040
5043
5044 0 2
5044
5044
5047 0 1
5047
5050
5053 0 2
5053
5059
5061 0 3
5061
5064
5067 0 2
5067
5073
5075 0 3
5075
5081
5083 0 3
5083
5083
5085 0 1
5085
5091
5093 0 3
5093
5096
5097 0 2
5097
5103
5104 0 3
5104
5104
5107 0 1
5107
5107
5110 0 1
5110
5116
5118 0 3
5118
5121
5122 0 2
5122
5128
5130 0 3
5130
5130
5133 0 1
5133
5139
5140 0 3
5140
5146
5148 0 3
5148
5154
5156 0 3
5156
5162
5165 0 3
5165
5171
5173 0 3
5173
5179
5181 0 3
5181
5181
5183 0 1
5183
5189
5192 0 3
5192
5195
5198 0 2
5198
5198
5201 0 1
5201
5204
5205 0 2
5205
5205
5206 0 1
5206
5212
5214 0 3
5214
5220
5221 0 3
5221
5221
5223 0 1
5223
5229
5230 0 3
5230
5230
5233 0 1
5233
5233
5236 0 1
5236
5242
5244 0 3
5244
5250
5252 0 3
5252
5252
5255 0 1
5255
5261
5263 0 3
5263
5269
5272 0 3
5272
5278
5281 0 3
5281
5287
5289 0 3
5289
5292
5294 0 2
5294
5300
5303 0 3
5303
5303
5306 0 1
5306
5306
5309 0 1
5309
5315
5316 0 3
5316
5322
5324 0 3
5324
5327
5330 0 2
5330
5336
5339 0 3
5339
5345
5346 0 3
5346
5352
5353 0 3
5353
5359
5361 0 3
5361
5361
5364 0 1
5364
5370
5373 0 3
5373
5373
5376 0 1
5376
5376
5379 0 1
5379
5385
5387 0 3
5387
5393
5395 0 3
5395
5395
5398 0 1
5398
5404
5407 0 3
5407
5413
5415 0 3
5415
5421
5422 0 3
5422
5428
5430 0 3
5430
5436
5438 0 3
5438
5438
5439 0 1
5439
5445
5446 0 3
5446
5452
5455 0 3
5455
5458
5461 0 2
5461
5467
5469 0 3
5469
5469
5472 0 1
5472
5472
5475 0 1
5475
5475
5476 0 1
5476
5476
5479 0 1
5479
5485
5488 0 3
5488
5491
5494 0 2
5494
5497
5500 0 2
5500
5506
5509 0 3
5509
5512
5515 0 2
5515
5518
5521 0 2
5521
5521
5524 0 1
5524
5530
5532 0 3
5532
5538
5540 0 3
5540
5543
5546 0 2
5546
5552
5555 0 3
5555
5555
5558 0 1
5558
5564
5566 0 3
5566
5566
5569 0 1
5569
5569
5570 0 1
5570
5570
5573 0 1
5573
5576
5579 0 2
5579
5579
5582 0 1
5582
5582
5585 0 1
5585
5591
5594 0 3
5594
5594
5597 0 1
5597
5597
5598 0 1
5598
5604
5606 0 3
5606
5609
5612 0 2
5612
5618
5621 0 3
5621
5621
5624 0 1
5624
5630
5632 0 3
5632
5632
5635 0 1
5635
5635
5638 0 1
5638
5638
5639 0 1
5639
5639
5642 0 1
5642
5642
5645 0 1
5645
5645
5648 0 1
5648
5654
5656 0 3
5656
5662
5664 0 3
5664
5667
5670 0 2
5670
5676
5678 0 3
5678
5684
5687 0 3
5687
5693
5694 0 3
5694
5697
5700 0 2
5700
5706
5707 0 3
5707
5707
5710 0 1
5710
5716
5718 0 3
5718
5718
5721 0 1
5721
5727
5728 0 3
5728
5734
5735 0 3
5735
5741
5742 0 3
5742
5745
5748 0 2
5748
5748
5751 0 1
5751
5751
5752 0 1
5752
5752
5753 0 1
5753
5753
5755 0 1
5755
5761
5762 0 3
5762
5762
5764 0 1
5764
5770
5771 0 3
5771
5777
5780 0 3
5780
5783
5784 0 2
5784
5784
5787 0 1
5787
5787
5789 0 1
5789
5789
5790 0 1
5790
5790
5793 0 1
5793
5793
5796 0 1
5796
5802
5804 0 3
5804
5804
5807 0 1
5807
5813
5815 0 3
5815
5815
5818 0 1
5818
5818
5821 0 1
5821
5827
5829 0 3
5829
5835
5837 0 3
5837
5843
5844 0 3
5844
5844
5847 0 1
5847
5850
5853 0 2
5853
5856
5859 0 2
5859
5865
5866 0 3
5866
5872
5874 0 3
5874
5874
5877 0 1
5877
5883
5885 0 3
5885
5885
5888 0 1
5888
5894
5896 0 3
5896
5899
5900 0 2
5900
5906
5908 0 3
5908
5908
5911 0 1
5911
5911
5914 0 1
5914
5920
5922 0 3
5922
5922
5925 0 1
5925
5928
5929 0 2
5929
5932
5933 0 2
5933
5933
5935 0 1
5935
5938
5939 0 2
5939
5942
5945 0 2
5945
5945
5947 0 1
5947
5953
5955 0 3
5955
5961
5962 0 3
5962
5965
5968 0 2
5968
5974
5975 0 3
5975
5981
5983 0 3
5983
5983
5985 0 1
5985
5985
5988 0 1
5988
5994
5995 0 3
5995
6001
6003 0 3
6003
6006
6009 0 2
6009
6015
6018 0 3
6018
6024
6026 0 3
6026
6032
6034 0 3
6034
6040
6042 0 3
6042
6045
6048 0 2
6048
6048
6051 0 1
6051
6051
6054 0 1
6054
6060
6062 0 3
6062
6068
6070 0 3
6070
6076
6078 0 3
6078
6084
6087 0 3
6087
6093
6094 0 3
6094
6094
6097 0 1
6097
6100
6103 0 2
6103
6103
6106 0 1
6106
6112
6114 0 3
6114
6114
6117 0 1
6117
6117
6119 0 1
6119
6125
6126 0 3
6126
6132
6134 0 3
6134
6137
6140 0 2
6140
6143
6144 0 2
6144
6147
6148 0 2
6148
6154
6156 0 3
6156
6156
6159 0 1
6159
6165
6167 0 3
6167
6170
6171 0 2
6171
6171
6174 0 1
6174
6180
6181 0 3
6181
6187
6189 0 3
6189
6195
6197 0 3
6197
6197
6200 0 1
6200
6200
6203 0 1
6203
6209
6212 0 3
6212
6215
6217 0 2
6217
6220
6222 0 2
6222
6222
6224 0 1
6224
6230
6232 0 3
6232
6238
6240 0 3
6240
6246
6247 0 3
6247
6247
6250 0 1
6250
6256
6258 0 3
6258
6261
6264 0 2
6264
6264
6265 0 1
6265
6268
6271 0 2
6271
6277
6279 0 3
6279
6285
6287 0 3
6287
6287
6290 0 1
6290
6296
6298 0 3
6298
6298
6301 0 1
6301
6301
6304 0 1
6304
6310
6311 0 3
6311
6317
6319 0 3
6319
6325
6327 0 3
6327
6327
6330 0 1
6330
6330
6333 0 1
6333
6336
6339 0 2
6339
6339
6342 0 1
6342
6342
6345 0 1
6345
6348
6351 0 2
6351
6354
6355 0 2
6355
6355
6357 0 1
6357
6357
6360 0 1
6360
6363
6366 0 2
6366
6369
6370 0 2
6370
6376
6378 0 3
6378
6381
6383 0 2
6383
6383
6386 0 1
6386
6392
6393 0 3
6393
6393
6394 0 1
6394
6394
6397 0 1
6397
6403
6404 0 3
6404
6410
6412 0 3
6412
6418
6421 0 3
6421
6427
6429 0 3
6429
6435
6437 0 3
6437
6437
6439 0 1
6439
6445
6447 0 3
6447
6453
6456 0 3
6456
6456
6458 0 1
6458
6464
6466 0 3
6466
6469
6472 0 2
6472
6478
6480 0 3
6480
6486
6487 0 3
6487
6493
6495 0 3
6495
6495
6497 0 1
6497
6497
6500 0 1
6500
6506
6508 0 3
6508
6511
6512 0 2
6512
6512
6513 0 1
6513
6513
6516 0 1
6516
6516
6517 0 1
6517
6523
6525 0 3
6525
6531
6533 0 3
6533
6536
6539 0 2
6539
6545
6547 0 3
6547
6553
6554 0 3
6554
6560
6562 0 3
6562
6568
6570 0 3
6570
6576
6578 0 3
6578
6578
6580 0 1
6580
6586
6588 0 3
6588
6588
6589 0 1
6589
6589
6592 0 1
6592
6598
6600 0 3
6600
6606
6607 0 3
6607
6613
6615 0 3
6615
6615
6618 0 1
6618
6621
6624 0 2
6624
6630
6632 0 3
6632
6635
6638 0 2
6638
6644
6646 0 3
6646
6652
6654 0 3
6654
6660
6661 0 3
6661
6661
6664 0 1
6664
6670
6672 0 3
6672
6678
6680 0 3
6680
6680
6681 0 1
6681
6687
6689 0 3
6689
6689
6692 0 1
6692
6698
6699 0 3
6699
6702
6704 0 2
6704
6710
6712 0 3
6712
6712
6715 0 1
6715
6721
6722 0 3
6722
6722
6725 0 1
6725
6731
6733 0 3
6733
6739
6741 0 3
6741
6747
6749 0 3
6749
6755
6756 0 3
6756
6762
6764 0 3
6764
6770
6772 0 3
6772
6772
6774 0 1
6774
6774
6777 0 1
6777
6777
6780 0 1
6780
6780
6782 0 1
6782
6782
6785 0 1
6785
6785
6788 0 1
6788
6794
6797 0 3
6797
6803
6805 0 3
6805
6805
6808 0 1
6808
6808
6809 0 1
6809
6809
6812 0 1
6812
6818
6820 0 3
6820
6823
6826 0 2
6826
6832
6834 0 3
6834
6834
6835 0 1
6835
6838
6841 0 2
6841
6841
6844 0 1
6844
6850
6851 0 3
6851
6857
6859 0 3
6859
6865
6868 0 3
6868
6868
6871 0 1
6871
6877
6879 0 3
6879
6885
6887 0 3
6887
6893
6894 0 3
6894
6894
6897 0 1
6897
6903
6904 0 3
6904
6904
6907 0 1
6907
6907
6909 0 1
6909
6912
6913 0 2
6913
6913
6916 0 1
6916
6922
6924 0 3
6924
6924
6926 0 1
6926
6926
6929 0 1
6929
6929
6932 0 1
6932
6932
6935 0 1
6935
6935
6938 0 1
6938
6944
6946 0 3
6946
6946
6949 0 1
6949
6955
6958 0 3
6958
6964
6965 0 3
6965
6968
6971 0 2
6971
6977
6980 0 3
6980
6986
6989 0 3
6989
6989
6990 0 1
6990
6996
6998 0 3
6998
6998
7001 0 1
7001
7007
7010 0 3
7010
7016
7018 0 3
7018
7018
7021 0 1
7021
7027
7028 0 3
7028
7034
7036 0 3
7036
7039
7042 0 2
7042
7048
7051 0 3
7051
7054
7057 0 2
7057
7057
7060 0 1
7060
7060
7062 0 1
7062
7062
7065 0 1
7065
7071
7073 0 3
7073
7076
7079 0 2
7079
7085
7087 0 3
7087
7087
7090 0 1
7090
7093
7094 0 2
7094
7097
7100 0 2
7100
7103
7106 0 2
7106
7112
7114 0 3
7114
7120
7122 0 3
7122
7125
7128 0 2
7128
7134
7136 0 3
7136
7142
7144 0 3
7144
7144
7147 0 1
7147
7150
7153 0 2
7153
7156
7158 0 2
7158
7158
7161 0 1
7161
7161
7164 0 1
7164
7164
7167 0 1
7167
7170
7173 0 2
7173
7173
7174 0 1
7174
7180
7182 0 3
7182
7185
7186 0 2
7186
7192
7194 0 3
7194
7200
7202 0 3
7202
7202
7205 0 1
7205
7211
7212 0 3
7212
7218
7220 0 3
7220
7226
7228 0 3
7228
7228
7230 0 1
7230
7236
7238 0 3
7238
7244
7247 0 3
7247
7247
7248 0 1
7248
7248
7251 0 1
7251
7257
7258 0 3
7258
7258
7261 0 1
7261
7264
7267 0 2
7267
7273
7275 0 3
7275
7281
7282 0 3
7282
7285
7288 0 2
7288
7288
7290 0 1
7290
7293
7296 0 2
7296
7302
7304 0 3
7304
7304
7307 0 1
7307
7313
7315 0 3
7315
7321
7323 0 3
7323
7329
7331 0 3
7331
7337
7340 0 3
7340
7346
7348 0 3
7348
7354
7355 0 3
7355
7361
7363 0 3
7363
7369
7370 0 3
7370
7376
7379 0 3
7379
7385
7386 0 3
7386
7392
7393 0 3
7393
7399
7401 0 3
7401
7407
7409 0 3
7409
7409
7410 0 1
7410
7416
7418 0 3
7418
7418
7421 0 1
7421
7427
7429 0 3
7429
7429
7432 0 1
7432
7435
7436 0 2
7436
7442
7444 0 3
7444
7450
7453 0 3
7453
7453
7455 0 1
7455
7461
7463 0 3
7463
7469
7471 0 3
7471
7471
7472 0 1
7472
7472
7475 0 1
7475
7475
7477 0 1
7477
7483
7484 0 3
7484
7484
7487 0 1
7487
7493
7495 0 3
7495
7495
7498 0 1
7498
7501
7504 0 2
7504
7510
7511 0 3
7511
7517
7519 0 3
7519
7522
7525 0 2
7525
7525
7528 0 1
7528
7534
7536 0 3
7536
7542
7544 0 3
7544
7550
7553 0 3
7553
7556
7559 0 2
7559
7565
7567 0 3
7567
7573
7575 0 3
7575
7581
7582 0 3
7582
7582
7585 0 1
7585
7585
7587 0 1
7587
7593
7595 0 3
7595
7601
7603 0 3
7603
7606
7607 0 2
7607
7613
7614 0 3
7614
7620
7621 0 3
7621
7627
7629 0 3
7629
7629
7632 0 1
7632
7638
7641 0 3
7641
7641
7644 0 1
7644
7644
7647 0 1
7647
7647
7650 0 1
7650
7650
7653 0 1
7653
7659
7661 0 3
7661
7667
7669 0 3
7669
7669
7672 0 1
7672
7672
7675 0 1
7675
7681
7682 0 3
7682
7685
7688 0 2
7688
7691
7694 0 2
7694
7697
7700 0 2
7700
7706
7708 0 3
7708
7708
7710 0 1
7710
7716
7719 0 3
7719
7722
7725 0 2
7725
7731
7732 0 3
7732
7732
7735 0 1
7735
7735
7738 0 1
7738
7744
7746 0 3
7746
7752
7753 0 3
7753
7759
7760 0 3
7760
7763
7764 0 2
7764
7767
7770 0 2
7770
7770
7771 0 1
7771
7774
7777 0 2
7777
7777
7780 0 1
7780
7780
7783 0 1
7783
7786
7787 0 2
7787
7787
7790 0 1
7790
7796
7798 0 3
7798
7804
7806 0 3
7806
7806
7809 0 1
7809
7815
7817 0 3
7817
7823
7825 0 3
7825
7831
7833 0 3
7833
7833
7836 0 1
7836
7842
7844 0 3
7844
7850
7853 0 3
7853
7853
7856 0 1
7856
7856
7859 0 1
7859
7859
7862 0 1
7862
7868
7869 0 3
7869
7869
7871 0 1
7871
7877
7879 0 3
7879
7882
7885 0 2
7885
7891
7892 0 3
7892
7892
7895 0 1
7895
7901
7903 0 3
7903
7909
7911 0 3
7911
7911
7914 0 1
7914
7920
7922 0 3
7922
7922
7925 0 1
7925
7931
7934 0 3
7934
7940
7942 0 3
7942
7948
7950 0 3
7950
7956
7958 0 3
7958
7961
7964 0 2
7964
7970
7971 0 3
7971
7977
7980 0 3
7980
7986
7988 0 3
7988
7994
7997 0 3
7997
7997
8000 0 1
8000
8000
8003 0 1
8003
8003
8006 0 1
8006
8009
8012 0 2
8012
8018
8020 0 3
8020
8026
8028 0 3
8028
8034
8036 0 3
8036
8036
8038 0 1
8038
8038
8041 0 1
8041
8041
8044 0 1
8044
8050
8052 0 3
8052
8058
8060 0 3
8060
8066
8068 0 3
8068
8074
8076 0 3
8076
8082
8085 0 3
8085
8085
8088 0 1
8088
8094
8096 0 3
8096
8096
8099 0 1
8099
8105
8106 0 3
8106
8112
8114 0 3
8114
8120
8122 0 3
8122
8128
8130 0 3
8130
8136
8139 0 3
8139
8142
8143 0 2
8143
8149
8151 0 3
8151
8157
8158 0 3
8158
8164
8167 0 3
8167
8170
8173 0 2
8173
8179
8181 0 3
8181
8181
8184 0 1
8184
8187
8190 0 2
8190
8190
8193 0 1
8193
8193
8196 0 1
8196
8202
8204 0 3
8204
8210
8212 0 3
8212
8212
8215 0 1
8215
8221
8224 0 3
8224
8224
8225 0 1
8225
8231
8232 0 3
8232
8238
8239 0 3
8239
8242
8243 0 2
8243
8249
8251 0 3
8251
8251
8254 0 1
8254
8260
8262 0 3
8262
8268
8270 0 3
8270
8276
8278 0 3
8278
8284
8286 0 3
8286
8292
8294 0 3
8294
8300
8303 0 3
8303
8309
8311 0 3
8311
8311
8312 0 1
8312
8318
8320 0 3
8320
8326
8328 0 3
8328
8334
8335 0 3
8335
8341
8344 0 3
8344
8350
8352 0 3
8352
8352
8354 0 1
8354
8360
8363 0 3
8363
8363
8365 0 1
8365
8371
8374 0 3
8374
8380
8382 0 3
8382
8388
8390 0 3
8390
8396
8398 0 3
8398
8404
8406 0 3
8406
8406
8409 0 1
8409
8415
8418 0 3
8418
8418
8421 0 1
8421
8427
8430 0 3
8430
8433
8436 0 2
8436
8442
8444 0 3
8444
8450
8452 0 3
8452
8452
8454 0 1
8454
8454
8457 0 1
8457
8463
8465 0 3
8465
8468
8469 0 2
8469
8475
8477 0 3
8477
8480
8483 0 2
8483
8483
8485 0 1
8485
8491
8492 0 3
8492
8492
8495 0 1
8495
8501
8503 0 3
8503
8509
8510 0 3
8510
8516
8518 0 3
8518
8518
8521 0 1
8521
8527
8529 0 3
8529
8535
8538 0 3
8538
8538
8541 0 1
8541
8547
8549 0 3
8549
8555
8558 0 3
8558
8561
8564 0 2
8564
8570
8572 0 3
8572
8575
8578 0 2
8578
8584
8586 0 3
8586
8589
8592 0 2
8592
8592
8593 0 1
8593
8596
8599 0 2
8599
8605
8607 0 3
8607
8613
8616 0 3
8616
8616
8619 0 1
8619
8625
8628 0 3
8628
8634
8637 0 3
8637
8637
8639 0 1
8639
8645
8647 0 3
8647
8653
8654 0 3
8654
8660
8662 0 3
8662
8668
8669 0 3
8669
8675
8677 0 3
8677
8683
8684 0 3
8684
8690
8693 0 3
8693
8696
8699 0 2
8699
8705
8706 0 3
8706
8712
8714 0 3
8714
8717
8720 0 2
8720
8726
8728 0 3
8728
8728
8730 0 1
8730
8733
8735 0 2
8735
8738
8740 0 2
8740
8740
8742 0 1
8742
8745
8748 0 2
8748
8754
8756 0 3
8756
8762
8763 0 3
8763
8769
8771 0 3
8771
8771
8773 0 1
8773
8779
8781 0 3
8781
8787
8789 0 3
8789
8792
8795 0 2
8795
8801
8803 0 3
8803
8809
8811 0 3
8811
8811
8813 0 1
8813
8816
8817 0 2
8817
8817
8820 0 1
8820
8820
8823 0 1
8823
8829
8832 0 3
8832
8838
8840 0 3
8840
8846
8847 0 3
8847
8853
8855 0 3
8855
8861
8864 0 3
8864
8867
8870 0 2
8870
8876
8877 0 3
8877
8883
8885 0 3
8885
8888
8891 0 2
8891
8891
8892 0 1
8892
8898
8899 0 3
8899
8899
8902 0 1
8902
8902
8904 0 1
8904
8907
8910 0 2
8910
8913
8916 0 2
8916
8919
8922 0 2
8922
8928
8930 0 3
8930
8936
8938 0 3
8938
8941
8943 0 2
8943
8946
8949 0 2
8949
8955
8957 0 3
8957
8957
8960 0 1
8960
8966
8968 0 3
8968
8968
8971 0 1
8971
8977
8979 0 3
8979
8979
8981 0 1
8981
8987
8988 0 3
8988
8988
8991 0 1
8991
8997
8998 0 3
8998
8998
8999 0 1
8999
8999
9002 0 1
9002
9008
9009 0 3
9009
9015
9017 0 3
9017
9017
9019 0 1
9019
9022
9023 0 2
9023
9029
9031 0 3
9031
9031
9034 0 1
9034
9040
9042 0 3
9042
9048
9049 0 3
9049
9055
9058 0 3
9058
9064
9067 0 3
9067
9073
9075 0 3
9075
9078
9081 0 2
9081
9087
9089 0 3
9089
9095
9096 0 3
9096
9099
9102 0 2
9102
9108
9109 0 3
9109
9115
9117 0 3
9117
9123
9125 0 3
9125
9125
9126 0 1
9126
9126
9128 0 1
9128
9134
9135 0 3
9135
9135
9138 0 1
9138
9144
9146 0 3
9146
9149
9150 0 2
9150
9153
9156 0 2
9156
9156
9159 0 1
9159
9165
9167 0 3
9167
9170
9173 0 2
9173
9179
9181 0 3
9181
9181
9182 0 1
9182
9188
9190 0 3
9190
9196
9198 0 3
9198
9204
9206 0 3
9206
9212
9214 0 3
9214
9214
9216 0 1
9216
9216
9219 0 1
9219
9225
9227 0 3
9227
9230
9231 0 2
9231
9231
9234 0 1
9234
9237
9239 0 2
9239
9239
9242 0 1
9242
9242
9245 0 1
9245
9245
9248 0 1
9248
9248
9251 0 1
9251
9257
9260 0 3
9260
9260
9263 0 1
9263
9266
9269 0 2
9269
9269
9271 0 1
9271
9271
9274 0 1
9274
9280
9282 0 3
9282
9282
9285 0 1
9285
9291
9293 0 3
9293
9299
9301 0 3
9301
9307
9309 0 3
9309
9315
9317 0 3
9317
9317
9320 0 1
9320
9326
9328 0 3
9328
9328
9330 0 1
9330
9336
9337 0 3
9337
9343
9344 0 3
9344
9344
9347 0 1
9347
9350
9352 0 2
9352
9352
9355 0 1
9355
9358
9361 0 2
9361
9361
9364 0 1
9364
9370
9371 0 3
9371
9371
9374 0 1
9374
9380
9382 0 3
9382
9388
9390 0 3
9390
9396
9398 0 3
9398
9404
9406 0 3
9406
9406
9408 0 1
9408
9408
9411 0 1
9411
9414
9417 0 2
9417
9423
9425 0 3
9425
9431
9433 0 3
9433
9436
9439 0 2
9439
9445
9447 0 3
9447
9447
9450 0 1
9450
9456
9458 0 3
9458
9458
9461 0 1
9461
9467
9469 0 3
9469
9472
9474 0 2
9474
9477
9480 0 2
9480
9483
9485 0 2
9485
9488
9491 0 2
9491
9494
9495 0 2
9495
9501
9503 0 3
9503
9503
9505 0 1
9505
9505
9506 0 1
9506
9506
9509 0 1
9509
9512
9513 0 2
9513
9519
9520 0 3
9520
9520
9523 0 1
9523
9529
9532 0 3
9532
9532
9535 0 1
9535
9535
9538 0 1
9538
9541
9542 0 2
9542
9542
9545 0 1
9545
9551
9553 0 3
9553
9559
9561 0 3
9561
9567
9568 0 3
9568
9568
9570 0 1
9570
9576
9578 0 3
9578
9581
9584 0 2
9584
9590
9592 0 3
9592
9598
9600 0 3
9600
9600
9602 0 1
9602
9605
9606 0 2
9606
9612
9614 0 3
9614
9614
9617 0 1
9617
9623
9625 0 3
9625
9631
9633 0 3
9633
9633
9635 0 1
9635
9641
9643 0 3
9643
9649
9651 0 3
9651
9657
9659 0 3
9659
9662
9665 0 2
9665
9665
9668 0 1
9668
9668
9671 0 1
9671
9671
9674 0 1
9674
9680
9681 0 3
9681
9687
9689 0 3
9689
9692
9695 0 2
9695
9695
9698 0 1
9698
9698
9701 0 1
9701
9704
9707 0 2
9707
9707
9709 0 1
9709
9712
9715 0 2
9715
9718
9719 0 2
9719
9719
9721 0 1
9721
9727
9729 0 3
9729
9735
9737 0 3
9737
9740
9741 0 2
9741
9741
9743 0 1
9743
9749
9751 0 3
9751
9757
9759 0 3
9759
9765
9767 0 3
9767
9770
9773 0 2
9773
9773
9775 0 1
9775
9781
9783 0 3
9783
9789
9792 0 3
9792
9798
9800 0 3
9800
9800
9803 0 1
9803
9806
9809 0 2
9809
9809
9812 0 1
9812
9815
9818 0 2
9818
9821
9824 0 2
9824
9824
9827 0 1
9827
9830
9833 0 2
9833
9833
9836 0 1
9836
9839
9842 0 2
9842
9848
9851 0 3
9851
9857
9859 0 3
9859
9859
9862 0 1
9862
9868
9870 0 3
9870
9870
9873 0 1
9873
9873
9876 0 1
9876
9882
9884 0 3
9884
9884
9887 0 1
9887
9887
9890 0 1
9890
9896
9897 0 3
9897
9903
9905 0 3
9905
9908
9910 0 2
9910
9910
9912 0 1
9912
9912
9913 0 1
9913
9913
9914 0 1
9914
9920
9922 0 3
9922
9925
9926 0 2
9926
9929
9931 0 2
9931
9937
9939 0 3
9939
9939
9942 0 1
9942
9942
9945 0 1
9945
9948
9951 0 2
9951
9951
9953 0 1
9953
9959
9962 0 3
9962
9968
9970 0 3
9970
9973
9976 0 2
9976
9976
9978 0 1
9978
9981
9984 0 2
9984
9987
9988 0 2
9988
9994
9996 0 3
9996
9996
9998 0 1
9998
9998
10001 0 1
10001
10001
10004 0 1
10004
10010
10012 0 3
10012
10018
10020 0 3
10020
10026
10029 0 3
10029
10029
10031 0 1
10031
10037
10039 0 3
10039
10045
10048 0 3
10048
10048
10051 0 1
10051
10054
10056 0 2
10056
10056
10058 0 1
10058
10058
10061 0 1
10061
10064
10065 0 2
10065
10065
10067 0 1
10067
10067
10070 0 1
10070
10073
10076 0 2
10076
10082
10084 0 3
10084
10090
10092 0 3
10092
10092
10095 0 1
10095
10095
10098 0 1
10098
10104
10105 0 3
10105
10111
10112 0 3
10112
10118
10121 0 3
10121
10121
10124 0 1
10124
10130
10133 0 3
10133
10136
10138 0 2
10138
10144
10146 0 3
10146
10152
10154 0 3
10154
10157
10160 0 2
10160
10166
10168 0 3
10168
10171
10173 0 2
10173
10179
10181 0 3
10181
10181
10184 0 1
10184
10190
10191 0 3
10191
10197
10198 0 3
10198
10198
10201 0 1
10201
10201
10204 0 1
10204
10204
10207 0 1
10207
10213
10215 0 3
10215
10221
10223 0 3
10223
10226
10229 0 2
10229
10229
10232 0 1
10232
10232
10235 0 1
10235
10241
10243 0 3
10243
10243
10246 0 1
10246
10246
10248 0 1
10248
10254
10256 0 3
10256
10256
10259 0 1
10259
10265
10268 0 3
10268
10268
10269 0 1
10269
10269
10272 0 1
10272
10272
10275 0 1
10275
10281
10283 0 3
10283
10289
10292 0 3
10292
10292
10295 0 1
10295
10301
10303 0 3
10303
10306
10309 0 2
10309
10312
10315 0 2
10315
10321
10324 0 3
10324
10330
10331 0 3
10331
10331
10334 0 1
10334
10334
10335 0 1
10335
10335
10336 0 1
10336
10342
10344 0 3
10344
10344
10347 0 1
10347
10353
10355 0 3
10355
10358
10361 0 2
10361
10361
10364 0 1
10364
10364
10367 0 1
10367
10370
10372 0 2
10372
10375
10378 0 2
10378
10378
10381 0 1
10381
10381
10384 0 1
10384
10387
10390 0 2
10390
10396
10398 0 3
10398
10404
10406 0 3
10406
10412
10413 0 3
10413
10419
10421 0 3
10421
10427
10430 0 3
10430
10433
10434 0 2
10434
10440
10442 0 3
10442
10445
10448 0 2
10448
10451
10453 0 2
10453
10453
10456 0 1
10456
10456
10458 0 1
10458
10458
10461 0 1
10461
10467
10468 0 3
10468
10474
10476 0 3
10476
10476
10479 0 1
10479
10485
10487 0 3
10487
10493
10495 0 3
10495
10495
10498 0 1
10498
10504
10507 0 3
10507
10513
10514 0 3
10514
10520
10522 0 3
10522
10522
10525 0 1
10525
10525
10527 0 1
10527
10527
10530 0 1
10530
10533
10536 0 2
10536
10542
10545 0 3
10545
10545
10546 0 1
10546
10552
10553 0 3
10553
10553
10555 0 1
10555
10555
10558 0 1
10558
10558
10561 0 1
10561
10567
10569 0 3
10569
10569
10572 0 1
10572
10575
10578 0 2
10578
10584
10587 0 3
10587
10593
10595 0 3
10595
10601
10602 0 3
10602
10608
10610 0 3
10610
10616
10618 0 3
10618
10618
10621 0 1
10621
10621
10622 0 1
10622
10622
10625 0 1
10625
10631
10633 0 3
10633
10633
10636 0 1
10636
10636
10639 0 1
10639
10645
10647 0 3
10647
10653
10655 0 3
10655
10658
10659 0 2
10659
10665
10667 0 3
10667
10673
10674 0 3
10674
10680
10683 0 3
10683
10683
10686 0 1
10686
10686
10689 0 1
10689
10689
10692 0 1
10692
10698
10700 0 3
10700
10706
10709 0 3
10709
10715
10717 0 3
10717
10723
10725 0 3
10725
10731
10732 0 3
10732
10735
10738 0 2
10738
10741
10744 0 2
10744
10750
10752 0 3
10752
10752
10755 0 1
10755
10761
10763 0 3
10763
10769
10770 0 3
10770
10770
10773 0 1
10773
10773
10776 0 1
10776
10782
10784 0 3
10784
10790
10792 0 3
10792
10792
10794 0 1
10794
10797
10799 0 2
10799
10799
10802 0 1
10802
10808
10811 0 3
10811
10817
10820 0 3
10820
10826
10828 0 3
10828
10834
10836 0 3
10836
10842
10843 0 3
10843
10849
10850 0 3
10850
10850
10853 0 1
10853
10853
10856 0 1
10856
10862
10864 0 3
10864
10870
10871 0 3
10871
10877
10879 0 3
10879
10885
10886 0 3
10886
10886
10887 0 1
10887
10887
10890 0 1
10890
10896
10898 0 3
10898
10904
10906 0 3
10906
10912
10913 0 3
10913
10913
10916 0 1
10916
10922
10924 0 3
10924
10927
10929 0 2
10929
10929
10930 0 1
10930
10930
10933 0 1
10933
10936
10939 0 2
10939
10939
10941 0 1
10941
10944
10947 0 2
10947
10947
10948 0 1
10948
10948
10951 0 1
10951
10954
10957 0 2
10957
10963
10965 0 3
10965
10968
10970 0 2
10970
10973
10974 0 2
10974
10974
10977 0 1
10977
10980
10983 0 2
10983
10989
10991 0 3
10991
10997
10999 0 3
10999
11005
11007 0 3
11007
11013
11015 0 3
11015
11021
11023 0 3
11023
11029
11030 0 3
11030
11036
11038 0 3
11038
11044
11046 0 3
11046
11052
11054 0 3
11054
11054
11056 0 1
11056
11056
11057 0 1
11057
11063
11064 0 3
11064
11064
11067 0 1
11067
11067
11068 0 1
11068
11068
11071 0 1
11071
11074
11077 0 2
11077
11077
11080 0 1
11080
11080
11082 0 1
11082
11082
11085 0 1
11085
11091
11093 0 3
11093
11099
11101 0 3
11101
11101
11102 0 1
11102
11102
11105 0 1
11105
11111
11113 0 3
11113
11113
11116 0 1
11116
11122
11123 0 3
11123
11129
11131 0 3
11131
11137
11139 0 3
11139
11139
11142 0 1
11142
11148
11149 0 3
11149
11155
11157 0 3
11157
11157
11159 0 1
11159
11165
11167 0 3
11167
11173
11175 0 3
11175
11181
11183 0 3
11183
11189
11191 0 3
11191
11197
11200 0 3
11200
11200
11203 0 1
11203
11203
11206 0 1
11206
11209
11212 0 2
11212
11218
11220 0 3
11220
11226
11228 0 3
11228
11234
11237 0 3
11237
11237
11240 0 1
11240
11246
11248 0 3
11248
11251
11252 0 2
11252
11258
11260 0 3
11260
11260
11262 0 1
11262
11268
11271 0 3
11271
11277
11279 0 3
11279
11279
11282 0 1
11282
11285
11287 0 2
11287
11293
11295 0 3
11295
11295
11298 0 1
11298
11298
11300 0 1
11300
11300
11302 0 1
11302
11302
11305 0 1
11305
11311
11313 0 3
11313
11313
11316 0 1
11316
11322
11324 0 3
11324
11330
11333 0 3
11333
11336
11338 0 2
11338
11341
11342 0 2
11342
11348
11350 0 3
11350
11353
11356 0 2
11356
11362
11365 0 3
11365
11371
11373 0 3
11373
11373
11375 0 1
11375
11378
11381 0 2
11381
11387
11388 0 3
11388
11388
11390 0 1
11390
11390
11393 0 1
11393
11399
11401 0 3
11401
11401
11404 0 1
11404
11404
11407 0 1
11407
11413
11415 0 3
11415
11415
11418 0 1
11418
11418
11421 0 1
11421
11421
11424 0 1
11424
11430
11432 0 3
11432
11438
11439 0 3
11439
11442
11445 0 2
11445
11451
11453 0 3
11453
11453
11456 0 1
11456
11456
11458 0 1
11458
11464
11467 0 3
11467
11473
11474 0 3
11474
11477
11480 0 2
11480
11483
11486 0 2
11486
11492
11494 0 3
11494
11494
11497 0 1
11497
11503
11505 0 3
11505
11511
11513 0 3
11513
11519
11521 0 3
11521
11521
11524 0 1
11524
11530
11532 0 3
11532
11538
11540 0 3
11540
11540
11543 0 1
11543
11549
11550 0 3
11550
11550
11553 0 1
11553
11553
11556 0 1
11556
11562
11564 0 3
11564
11564
11566 0 1
11566
11569
11571 0 2
11571
11571
11574 0 1
11574
11580
11581 0 3
11581
11581
11584 0 1
11584
11584
11586 0 1
11586
11592
11594 0 3
11594
11594
11597 0 1
11597
11600
11601 0 2
11601
11607
11608 0 3
11608
11608
11611 0 1
11611
11617
11619 0 3
11619
11619
11621 0 1
11621
11621
11622 0 1
11622
11628
11630 0 3
11630
11636
11638 0 3
11638
11638
11641 0 1
11641
11641
11644 0 1
11644
11650
11652 0 3
11652
11655
11658 0 2
11658
11664
11665 0 3
11665
11665
11668 0 1
11668
11674
11676 0 3
11676
11682
11683 0 3
11683
11683
11685 0 1
11685
11685
11688 0 1
11688
11694
11696 0 3
11696
11696
11699 0 1
11699
11699
11702 0 1
11702
11702
11703 0 1
11703
11709
11710 0 3
11710
11716
11719 0 3
11719
11725
11727 0 3
11727
11727
11730 0 1
11730
11730
11733 0 1
11733
11736
11738 0 2
11738
11744
11746 0 3
11746
11746
11749 0 1
11749
11749
11752 0 1
11752
11758
11760 0 3
11760
11766
11768 0 3
11768
11774
11776 0 3
11776
11776
11779 0 1
11779
11782
11785 0 2
11785
11791
11793 0 3
11793
11796
11799 0 2
11799
11805
11807 0 3
11807
11813
11815 0 3
11815
11815
11818 0 1
11818
11824
11825 0 3
11825
11831
11833 0 3
11833
11833
11834 0 1
11834
11834
11837 0 1
11837
11843
11844 0 3
11844
11844
11847 0 1
11847
11850
11851 0 2
11851
11851
11852 0 1
11852
11852
11854 0 1
11854
11854
11857 0 1
11857
11857
11860 0 1
11860
11866
11868 0 3
11868
11868
11871 0 1
11871
11871
11874 0 1
11874
11874
11877 0 1
11877
11880
11883 0 2
11883
11886
11887 0 2
11887
11893
11895 0 3
11895
11901
11904 0 3
11904
11910
11913 0 3
11913
11919
11922 0 3
11922
11928
11930 0 3
11930
11936
11938 0 3
11938
11944
11946 0 3
11946
11946
11949 0 1
11949
11949
11950 0 1
11950
11953
11956 0 2
11956
11956
11959 0 1
11959
11965
11967 0 3
11967
11973
11974 0 3
11974
11977
11979 0 2
11979
11979
11982 0 1
11982
11988
11990 0 3
11990
11996
11998 0 3
11998
11998
12001 0 1
12001
12001
12004 0 1
12004
12010
12013 0 3
12013
12013
12016 0 1
12016
12019
12022 0 2
12022
12028
12030 0 3
12030
12030
12033 0 1
12033
12033
12036 0 1
12036
12042
12044 0 3
12044
12050
12052 0 3
12052
12058
12060 0 3
12060
12066
12068 0 3
12068
12074
12076 0 3
12076
12076
12079 0 1
12079
12085
12087 0 3
12087
12087
12090 0 1
12090
12090
12093 0 1
12093
12099
12100 0 3
12100
12100
12103 0 1
12103
12109
12110 0 3
12110
12116
12118 0 3
12118
12121
12124 0 2
12124
12124
12127 0 1
12127
12133
12135 0 3
12135
12141
12142 0 3
12142
12148
12150 0 3
12150
12156
12158 0 3
12158
12158
12161 0 1
12161
12161
12164 0 1
12164
12170
12172 0 3
12172
12172
12175 0 1
12175
12181
12183 0 3
12183
12189
12192 0 3
12192
12192
12195 0 1
12195
12195
12198 0 1
12198
12198
12200 0 1
12200
12206
12208 0 3
12208
12208
12211 0 1
12211
12217
12219 0 3
12219
12222
12225 0 2
12225
12228
12231 0 2
12231
12234
12237 0 2
12237
12240
12243 0 2
12243
12249
12250 0 3
12250
12256
12258 0 3
12258
12258
12259 0 1
12259
12265
12266 0 3
12266
12266
12269 0 1
12269
12275
12277 0 3
12277
12280
12283 0 2
12283
12283
12286 0 1
12286
12292
12294 0 3
12294
12294
12295 0 1
12295
12301
12303 0 3
12303
12303
12305 0 1
12305
12311
12312 0 3
12312
12312
12314 0 1
12314
12314
12316 0 1
12316
12322
12324 0 3
12324
12330
12332 0 3
12332
12332
12333 0 1
12333
12339
12341 0 3
12341
12347
12349 0 3
12349
12355
12357 0 3
12357
12363
12366 0 3
12366
12372
12374 0 3
12374
12380
12381 0 3
12381
12381
12384 0 1
12384
12384
12387 0 1
12387
12393
12395 0 3
12395
12395
12398 0 1
12398
12404
12406 0 3
12406
12412
12413 0 3
12413
12419
12420 0 3
12420
12426
12428 0 3
12428
12434
12435 0 3
12435
12435
12437 0 1
12437
12443
12445 0 3
12445
12445
12448 0 1
12448
12454
12457 0 3
12457
12457
12460 0 1
12460
12463
12465 0 2
12465
12465
12467 0 1
12467
12467
12470 0 1
12470
12473
12474 0 2
12474
12480
12482 0 3
12482
12488
12490 0 3
12490
12490
12493 0 1
12493
12493
12496 0 1
12496
12502
12504 0 3
12504
12504
12507 0 1
12507
12513
12515 0 3
12515
12515
12518 0 1
12518
12524
12526 0 3
12526
12526
12529 0 1
12529
12532
12533 0 2
12533
12533
12536 0 1
12536
12542
12543 0 3
12543
12549
12551 0 3
12551
12557
12559 0 3
12559
12559
12562 0 1
12562
12562
12565 0 1
12565
12571
12573 0 3
12573
12573
12576 0 1
12576
12579
12582 0 2
12582
12588
12589 0 3
12589
12595
12597 0 3
12597
12600
12601 0 2
12601
12607
12609 0 3
12609
12609
12612 0 1
12612
12618
12620 0 3
12620
12620
12622 0 1
12622
12622
12623 0 1
12623
12629
12631 0 3
12631
12637
12638 0 3
12638
12641
12643 0 2
12643
12649
12651 0 3
12651
12657
12659 0 3
12659
12662
12665 0 2
12665
12665
12668 0 1
12668
12674
12676 0 3
12676
12682
12684 0 3
12684
12690
12691 0 3
12691
12694
12697 0 2
12697
12703
12705 0 3
12705
12708
12710 0 2
12710
12710
12713 0 1
12713
12716
12719 0 2
12719
12719
12722 0 1
12722
12722
12725 0 1
12725
12731
12733 0 3
12733
12739
12740 0 3
12740
12746
12748 0 3
12748
12754
12756 0 3
12756
12756
12759 0 1
12759
12765
12766 0 3
12766
12766
12769 0 1
12769
12772
12775 0 2
12775
12778
12781 0 2
12781
12781
12784 0 1
12784
12784
12785 0 1
12785
12785
12787 0 1
12787
12790
12791 0 2
12791
12791
12794 0 1
12794
12800
12802 0 3
12802
12802
12803 0 1
12803
12803
12806 0 1
12806
12812
12815 0 3
12815
12821
12823 0 3
12823
12823
12826 0 1
12826
12826
12828 0 1
12828
12828
12831 0 1
12831
12831
12832 0 1
12832
12832
12835 0 1
12835
12841
12843 0 3
12843
12843
12846 0 1
12846
12849
12852 0 2
12852
12858
12860 0 3
12860
12866
12867 0 3
12867
12870
12873 0 2
12873
12873
12876 0 1
12876
12876
12877 0 1
12877
12880
12883 0 2
12883
12883
12885 0 1
12885
12885
12888 0 1
12888
12894
12896 0 3
12896
12896
12899 0 1
12899
12905
12907 0 3
12907
12907
12910 0 1
12910
12910
12913 0 1
12913
12919
12921 0 3
12921
12927
12929 0 3
12929
12929
12932 0 1
12932
12938
12940 0 3
12940
12943
12944 0 2
12944
12944
12947 0 1
12947
12947
12950 0 1
12950
12953
12954 0 2
12954
12960
12962 0 3
12962
12968
12970 0 3
12970
12976
12977 0 3
12977
12977
12980 0 1
12980
12986
12988 0 3
12988
12988
12991 0 1
12991
12991
12994 0 1
12994
12994
12995 0 1
12995
12995
12998 0 1
12998
13001
13003 0 2
13003
13006
13009 0 2
13009
13015
13017 0 3
13017
13023
13026 0 3
13026
13032
13034 0 3
13034
13037
13039 0 2
13039
13045
13047 0 3
13047
13050
13053 0 2
13053
13059
13061 0 3
13061
13061
13064 0 1
13064
13064
13067 0 1
13067
13073
13075 0 3
13075
13075
13077 0 1
13077
13083
13084 0 3
13084
13084
13085 0 1
13085
13085
13088 0 1
13088
13094
13096 0 3
13096
13096
13099 0 1
13099
13105
13107 0 3
13107
13113
13115 0 3
13115
13115
13116 0 1
13116
13122
13124 0 3
13124
13124
13127 0 1
13127
13133
13134 0 3
13134
13137
13139 0 2
13139
13142
13145 0 2
13145
13145
13147 0 1
13147
13147
13150 0 1
13150
13156
13158 0 3
13158
13158
13161 0 1
13161
13164
13167 0 2
13167
13173
13175 0 3
13175
13181
13182 0 3
13182
13182
13185 0 1
13185
13185
13188 0 1
13188
13188
13191 0 1
13191
13197
13199 0 3
13199
13205
13207 0 3
13207
13213
13215 0 3
13215
13215
13216 0 1
13216
13216
13218 0 1
13218
13221
13222 0 2
13222
13228
13231 0 3
13231
13231
13234 0 1
13234
13240
13242 0 3
13242
13248
13250 0 3
13250
13250
13252 0 1
13252
13255
13258 0 2
13258
13258
13261 0 1
13261
13267
13269 0 3
13269
13272
13275 0 2
13275
13275
13278 0 1
13278
13284
13286 0 3
13286
13286
13289 0 1
13289
13295
13297 0 3
13297
13297
13300 0 1
13300
13300
13303 0 1
13303
13309
13312 0 3
13312
13312
13315 0 1
13315
13315
13317 0 1
13317
13317
13320 0 1
13320
13320
13323 0 1
13323
13323
13326 0 1
13326
13332
13334 0 3
13334
13340
13342 0 3
13342
13342
13345 0 1
13345
13351
13353 0 3
13353
13356
13359 0 2
13359
13365
13366 0 3
13366
13372
13375 0 3
13375
13375
13376 0 1
13376
13382
13384 0 3
13384
13384
13387 0 1
13387
13387
13389 0 1
13389
13392
13395 0 2
13395
13395
13398 0 1
13398
13404
13407 0 3
13407
13413
13416 0 3
13416
13422
13424 0 3
13424
13430
13433 0 3
13433
13436
13439 0 2
13439
13439
13442 0 1
13442
13442
13445 0 1
13445
13445
13448 0 1
13448
13451
13454 0 2
13454
13460
13462 0 3
13462
13462
13465 0 1
13465
13471
13473 0 3
13473
13479
13481 0 3
13481
13487
13489 0 3
13489
13489
13492 0 1
13492
13498
13500 0 3
13500
13500
13503 0 1
13503
13509
13511 0 3
13511
13514
13517 0 2
13517
13517
13520 0 1
13520
13520
13522 0 1
13522
13525
13528 0 2
13528
13531
13534 0 2
13534
13534
13536 0 1
13536
13536
13539 0 1
13539
13542
13545 0 2
13545
13551
13553 0 3
13553
13556
13559 0 2
13559
13565
13568 0 3
13568
13574
13577 0 3
13577
13583
13584 0 3
13584
13584
13587 0 1
13587
13587
13588 0 1
13588
13588
13590 0 1
13590
13596
13598 0 3
13598
13601
13602 0 2
13602
13608
13610 0 3
13610
13616
13619 0 3
13619
13625
13627 0 3
13627
13633
13636 0 3
13636
13636
13639 0 1
13639
13639
13642 0 1
13642
13648
13650 0 3
13650
13656
13658 0 3
13658
13661
13662 0 2
13662
13668
13670 0 3
13670
13670
13673 0 1
13673
13676
13677 0 2
13677
13683
13685 0 3
13685
13691
13693 0 3
13693
13699
13701 0 3
13701
13707
13709 0 3
13709
13709
13710 0 1
13710
13716
13718 0 3
13718
13724
13726 0 3
13726
13732
13734 0 3
13734
13740
13742 0 3
13742
13745
13748 0 2
13748
13751
13753 0 2
13753
13753
13755 0 1
13755
13761
13763 0 3
13763
13769
13772 0 3
13772
13772
13773 0 1
13773
13773
13776 0 1
13776
13782
13783 0 3
13783
13789
13791 0 3
13791
13797
13798 0 3
13798
13804
13806 0 3
13806
13806
13809 0 1
13809
13809
13812 0 1
13812
13812
13815 0 1
13815
13815
13818 0 1
13818
13818
13821 0 1
13821
13827
13829 0 3
13829
13832
13835 0 2
13835
13835
13838 0 1
13838
13838
13840 0 1
13840
13843
13844 0 2
13844
13844
13846 0 1
13846
13846
13848 0 1
13848
13848
13851 0 1
13851
13857
13859 0 3
13859
13859
13862 0 1
13862
13868
13869 0 3
13869
13869
13872 0 1
13872
13875
13878 0 2
13878
13884
13887 0 3
13887
13890
13893 0 2
13893
13899
13900 0 3
13900
13900
13901 0 1
13901
13907
13909 0 3
13909
13912
13915 0 2
13915
13921
13923 0 3
13923
13926
13929 0 2
13929
13929
13932 0 1
13932
13932
13935 0 1
13935
13935
13938 0 1
13938
13944
13946 0 3
13946
13952
13954 0 3
13954
13960
13962 0 3
13962
13968
13970 0 3
13970
13976
13977 0 3
13977
13980
13983 0 2
13983
13983
13986 0 1
13986
13989
13992 0 2
13992
13995
13997 0 2
13997
13997
14000 0 1
14000
14000
14003 0 1
14003
14009
14011 0 3
14011
14014
14017 0 2
14017
14023
14024 0 3
14024
14024
14027 0 1
14027
14027
14030 0 1
14030
14036
14038 0 3
14038
14044
14046 0 3
14046
14046
14049 0 1
14049
14049
14052 0 1
14052
14058
14060 0 3
