3
9 2 3
12
12 1 3
15
21 2 3
24
27 3 3
30
33 3 3
34
34 2 1
35
38 1 1
39
45 3 1
48
48 1 3
50
50 3 2
51
57 3 1
59
59 3 2
61
61 3 2
62
65 1 1
68
68 1 3
71
71 1 3
72
75 1 1
78
84 2 3
85
85 2 1
88
88 1 3
89
92 1 1
94
94 3 2
95
98 1 1
101
107 2 3
110
116 2 3
117
120 1 1
123
126 3 3
129
129 1 3
130
133 1 1
136
142 2 3
145
145 1 3
147
153 1 2
155
155 3 2
158
158 1 3
161
164 3 3
167
167 1 3
169
169 3 2
172
175 3 3
178
181 3 3
184
184 1 3
185
188 1 1
189
192 1 1
193
193 2 1
196
196 1 3
199
205 2 3
206
209 1 1
212
212 1 3
215
215 1 3
216
219 1 1
220
223 1 1
225
225 3 2
228
228 1 3
229
229 2 1
231
231 3 2
232
235 1 1
237
240 2 2
243
243 1 3
244
247 1 1
250
250 1 3
251
254 1 1
257
260 3 3
263
263 1 3
265
271 1 2
272
275 1 1
277
277 3 2
278
281 1 1
282
282 2 1
283
286 1 1
289
289 1 3
291
291 3 2
294
294 1 3
295
298 1 1
299
305 3 1
308
311 3 3
314
317 3 3
320
320 1 3
321
324 1 1
327
327 1 3
328
334 3 1
337
340 3 3
343
349 2 3
352
352 1 3
354
354 3 2
357
360 3 3
361
361 2 1
362
365 1 1
368
368 1 3
369
372 1 1
373
376 1 1
378
378 3 2
381
381 1 3
384
387 3 3
388
388 2 1
389
392 1 1
393
396 1 1
399
399 1 3
401
407 1 2
408
411 1 1
412
418 3 1
421
421 1 3
422
422 2 1
424
424 3 2
425
428 1 1
429
432 1 1
433
436 1 1
437
443 3 1
446
452 2 3
455
461 2 3
464
464 1 3
465
468 1 1
471
471 1 3
474
477 3 3
478
484 3 1
486
486 3 2
487
487 2 1
490
493 3 3
496
496 1 3
497
503 3 1
506
506 1 3
507
510 1 1
511
514 1 1
515
518 1 1
519
522 1 1
525
525 1 3
526
526 2 1
527
530 1 1
531
531 2 1
534
537 3 3
540
540 1 3
543
543 1 3
544
547 1 1
548
551 1 1
552
555 1 1
556
556 2 1
559
559 1 3
560
563 1 1
566
566 1 3
567
570 1 1
573
579 2 3
582
582 1 3
583
586 1 1
589
595 2 3
598
598 1 3
601
601 1 3
603
603 3 2
606
612 2 3
615
615 1 3
618
624 2 3
627
627 1 3
628
631 1 1
632
638 3 1
639
642 1 1
644
644 3 2
645
651 3 1
652
655 1 1
656
659 1 1
661
661 3 2
664
664 1 3
665
668 1 1
671
677 2 3
680
680 1 3
683
683 1 3
684
684 2 1
687
693 2 3
694
697 1 1
700
700 1 3
701
704 1 1
705
708 1 1
711
711 1 3
712
715 1 1
718
718 1 3
721
721 1 3
722
728 3 1
731
731 1 3
732
735 1 1
737
737 3 2
740
740 1 3
743
743 1 3
744
747 1 1
748
751 1 1
752
755 1 1
756
759 1 1
762
768 2 3
769
769 2 1
772
772 1 3
773
776 1 1
779
779 1 3
781
781 3 2
783
786 2 2
788
788 3 2
789
789 2 1
792
792 1 3
795
795 1 3
798
798 1 3
800
800 3 2
803
803 1 3
804
807 1 1
810
816 2 3
817
823 3 1
824
827 1 1
830
833 3 3
834
840 3 1
842
842 3 2
845
845 1 3
846
849 1 1
852
852 1 3
855
858 3 3
861
861 1 3
864
864 1 3
866
872 1 2
875
878 3 3
879
882 1 1
883
886 1 1
889
895 2 3
898
898 1 3
901
904 3 3
907
907 1 3
908
911 1 1
914
914 1 3
917
917 1 3
920
920 1 3
923
923 1 3
926
926 1 3
929
929 1 3
932
932 1 3
935
935 1 3
936
942 3 1
943
946 1 1
947
950 1 1
951
954 1 1
956
959 2 2
960
960 2 1
961
964 1 1
967
967 1 3
970
970 1 3
971
974 1 1
977
977 1 3
978
981 1 1
982
985 1 1
988
988 1 3
989
989 2 1
992
992 1 3
995
998 3 3
1001
1001 1 3
1004
1007 3 3
1010
1010 1 3
1013
1013 1 3
1016
1019 3 3
1020
1023 1 1
1026
1029 3 3
1030
1033 1 1
1034
1040 3 1
1043
1043 1 3
1046
1046 1 3
1049
1055 2 3
1057
1063 1 2
1066
1072 2 3
1073
1076 1 1
1079
1085 2 3
1088
1088 1 3
1089
1092 1 1
1095
1095 1 3
1098
1098 1 3
1099
1102 1 1
1105
1105 1 3
1108
1114 2 3
1115
1121 3 1
1124
1124 1 3
1125
1128 1 1
1131
1137 2 3
1139
1139 3 2
1142
1148 2 3
1149
1155 3 1
1158
1158 1 3
1161
1161 1 3
1162
1168 3 1
1169
1169 2 1
1172
1175 3 3
1178
1178 1 3
1179
1182 1 1
1185
1185 1 3
1186
1192 3 1
1195
1195 1 3
1198
1201 3 3
1204
1207 3 3
1210
1216 2 3
1219
1225 2 3
1228
1228 1 3
1229
1235 3 1
1236
1239 1 1
1241
1244 2 2
1246
1252 1 2
1255
1255 1 3
1256
1262 3 1
1263
1263 2 1
1266
1266 1 3
1269
1269 1 3
1271
1274 2 2
1277
1277 1 3
1280
1280 1 3
1283
1286 3 3
1289
1289 1 3
1290
1293 1 1
1296
1296 1 3
1297
1297 2 1
1300
1303 3 3
1304
1304 2 1
1307
1307 1 3
1310
1316 2 3
1318
1318 3 2
1319
1322 1 1
1323
1326 1 1
1329
1329 1 3
1332
1332 1 3
1335
1335 1 3
1337
1337 3 2
1338
1341 1 1
1344
1344 1 3
1347
1347 1 3
1348
1351 1 1
1354
1360 2 3
1363
1363 1 3
1364
1370 3 1
1373
1376 3 3
1379
1379 1 3
1380
1383 1 1
1386
1392 2 3
1393
1396 1 1
1398
1398 3 2
1399
1402 1 1
1405
1405 1 3
1407
1413 1 2
1416
1419 3 3
1421
1427 1 2
1430
1430 1 3
1431
1437 3 1
1439
1439 3 2
1442
1442 1 3
1444
1444 3 2
1447
1447 1 3
1448
1451 1 1
1453
1453 3 2
1456
1456 1 3
1457
1460 1 1
1461
1464 1 1
1467
1473 2 3
1474
1477 1 1
1478
1484 3 1
1485
1488 1 1
1489
1495 3 1
1496
1499 1 1
1502
1502 1 3
1503
1506 1 1
1509
1509 1 3
1512
1512 1 3
1513
1516 1 1
1517
1523 3 1
1526
1529 3 3
1532
1532 1 3
1535
1538 3 3
1539
1545 3 1
1548
1548 1 3
1550
1550 3 2
1551
1554 1 1
1557
1557 1 3
1560
1560 1 3
1562
1562 3 2
1563
1566 1 1
1567
1567 2 1
1569
1569 3 2
1572
1578 2 3
1580
1580 3 2
1581
1584 1 1
1585
1588 1 1
1591
1594 3 3
1595
1598 1 1
1601
1601 1 3
1602
1605 1 1
1606
1609 1 1
1610
1616 3 1
1617
1620 1 1
1623
1623 1 3
1624
1624 2 1
1627
1630 3 3
1632
1638 1 2
1640
1643 2 2
1646
1646 1 3
1649
1649 1 3
1652
1652 1 3
1655
1655 1 3
1657
1660 2 2
1662
1668 1 2
1671
1671 1 3
1674
1680 2 3
1683
1683 1 3
1684
1687 1 1
1690
1693 3 3
1695
1698 2 2
1700
1700 3 2
1701
1704 1 1
1707
1707 1 3
1710
1713 3 3
1716
1722 2 3
1725
1725 1 3
1728
1728 1 3
1730
1736 1 2
1739
1742 3 3
1745
1745 1 3
1748
1748 1 3
1751
1754 3 3
1757
1760 3 3
1763
1766 3 3
1767
1770 1 1
1772
1775 2 2
1776
1782 3 1
1783
1786 1 1
1789
1789 1 3
1792
1792 1 3
1795
1801 2 3
1803
1809 1 2
1810
1813 1 1
1816
1816 1 3
1817
1817 2 1
1818
1821 1 1
1822
1825 1 1
1828
1828 1 3
1830
1836 1 2
1839
1839 1 3
1840
1843 1 1
1844
1844 2 1
1847
1847 1 3
1848
1854 3 1
1857
1857 1 3
1858
1861 1 1
1862
1868 3 1
1869
1869 2 1
1871
1874 2 2
1875
1875 2 1
1878
1878 1 3
1881
1881 1 3
1884
1884 1 3
1885
1888 1 1
1889
1889 2 1
1890
1893 1 1
1896
1902 2 3
1904
1910 1 2
1913
1919 2 3
1922
1925 3 3
1926
1929 1 1
1932
1935 3 3
1936
1942 3 1
1945
1945 1 3
1947
1947 3 2
1949
1949 3 2
1952
1952 1 3
1953
1956 1 1
1957
1960 1 1
1961
1964 1 1
1965
1965 2 1
1968
1968 1 3
1970
1976 1 2
1978
1978 3 2
1979
1979 2 1
1980
1983 1 1
1984
1987 1 1
1988
1991 1 1
1993
1993 3 2
1996
1996 1 3
1998
2004 1 2
2005
2008 1 1
2011
2014 3 3
2017
2017 1 3
2020
2020 1 3
2023
2023 1 3
2026
2029 3 3
2030
2033 1 1
2036
2036 1 3
2039
2042 3 3
2043
2043 2 1
2045
2045 3 2
2048
2048 1 3
2051
2057 2 3
2060
2066 2 3
2069
2072 3 3
2075
2078 3 3
2079
2082 1 1
2085
2085 1 3
2088
2088 1 3
2089
2089 2 1
2090
2090 2 1
2093
2093 1 3
2096
2096 1 3
2098
2104 1 2
2107
2110 3 3
2113
2113 1 3
2114
2117 1 1
2120
2123 3 3
2126
2126 1 3
2129
2132 3 3
2135
2138 3 3
2141
2141 1 3
2144
2144 1 3
2147
2153 2 3
2154
2157 1 1
2159
2162 2 2
2165
2165 1 3
2166
2169 1 1
2172
2175 3 3
2176
2179 1 1
2180
2180 2 1
2183
2183 1 3
2185
2185 3 2
2188
2188 1 3
2189
2195 3 1
2197
2197 3 2
2198
2201 1 1
2202
2208 3 1
2209
2215 3 1
2218
2218 1 3
2221
2224 3 3
2226
2226 3 2
2229
2229 1 3
2232
2232 1 3
2233
2236 1 1
2237
2240 1 1
2243
2246 3 3
2248
2254 1 2
2257
2257 1 3
2258
2261 1 1
2264
2270 2 3
2271
2274 1 1
2277
2277 1 3
2280
2280 1 3
2281
2284 1 1
2287
2293 2 3
2294
2297 1 1
2300
2300 1 3
2301
2307 3 1
2310
2310 1 3
2313
2313 1 3
2314
2320 3 1
2323
2323 1 3
2324
2327 1 1
2330
2330 1 3
2331
2334 1 1
2337
2343 2 3
2346
2346 1 3
2349
2349 1 3
2351
2351 3 2
2353
2353 3 2
2356
2359 3 3
2362
2365 3 3
2367
2367 3 2
2368
2371 1 1
2372
2375 1 1
2376
2379 1 1
2382
2382 1 3
2385
2385 1 3
2387
2387 3 2
2390
2390 1 3
2393
2396 3 3
2399
2399 1 3
2402
2405 3 3
2408
2414 2 3
2415
2415 2 1
2417
2423 1 2
2425
2425 3 2
2426
2429 1 1
2432
2432 1 3
2433
2436 1 1
2437
2440 1 1
2443
2443 1 3
2446
2449 3 3
2451
2451 3 2
2453
2453 3 2
2455
2461 1 2
2462
2465 1 1
2468
2468 1 3
2469
2472 1 1
2475
2478 3 3
2479
2482 1 1
2485
2485 1 3
2488
2488 1 3
2490
2490 3 2
2491
2494 1 1
2497
2497 1 3
2500
2500 1 3
2501
2504 1 1
2506
2509 2 2
2512
2512 1 3
2515
2515 1 3
2518
2518 1 3
2521
2521 1 3
2523
2523 3 2
2526
2526 1 3
2527
2530 1 1
2531
2534 1 1
2537
2537 1 3
2540
2540 1 3
2542
2542 3 2
2545
2545 1 3
2548
2548 1 3
2551
2557 2 3
2560
2560 1 3
2561
2564 1 1
2565
2568 1 1
2570
2576 1 2
2579
2582 3 3
2585
2588 3 3
2591
2591 1 3
2594
2600 2 3
2603
2603 1 3
2606
2606 1 3
2607
2610 1 1
2611
2614 1 1
2617
2620 3 3
2623
2623 1 3
2624
2627 1 1
2628
2631 1 1
2634
2634 1 3
2637
2637 1 3
2639
2642 2 2
2644
2650 1 2
2652
2652 3 2
2653
2656 1 1
2659
2659 1 3
2662
2665 3 3
2667
2667 3 2
2670
2670 1 3
2672
2672 3 2
2673
2676 1 1
2677
2680 1 1
2681
2684 1 1
2687
2687 1 3
2689
2689 3 2
2691
2691 3 2
2694
2694 1 3
2695
2695 2 1
2697
2697 3 2
2700
2700 1 3
2701
2704 1 1
2707
2707 1 3
2709
2715 1 2
2717
2717 3 2
2720
2723 3 3
2726
2732 2 3
2735
2735 1 3
2737
2737 3 2
2738
2741 1 1
2744
2747 3 3
2748
2751 1 1
2753
2753 3 2
2756
2759 3 3
2762
2762 1 3
2764
2764 3 2
2766
2766 3 2
2768
2774 1 2
2775
2775 2 1
2778
2778 1 3
2781
2784 3 3
2787
2793 2 3
2795
2798 2 2
2801
2801 1 3
2803
2803 3 2
2804
2807 1 1
2810
2810 1 3
2813
2813 1 3
2815
2815 3 2
2818
2818 1 3
2821
2824 3 3
2827
2827 1 3
2830
2830 1 3
2831
2834 1 1
2837
2837 1 3
2840
2840 1 3
2843
2846 3 3
2847
2850 1 1
2853
2853 1 3
2856
2859 3 3
2861
2861 3 2
2862
2865 1 1
2866
2869 1 1
2872
2875 3 3
2877
2877 3 2
2880
2880 1 3
2882
2882 3 2
2885
2885 1 3
2886
2889 1 1
2890
2893 1 1
2896
2896 1 3
2899
2899 1 3
2900
2903 1 1
2906
2906 1 3
2908
2908 3 2
2911
2914 3 3
2917
2917 1 3
2918
2918 2 1
2921
2924 3 3
2927
2927 1 3
2930
2930 1 3
2931
2934 1 1
2935
2935 2 1
2938
2938 1 3
2940
2946 1 2
2947
2950 1 1
2953
2956 3 3
2957
2957 2 1
2960
2960 1 3
2962
2962 3 2
2965
2968 3 3
2971
2974 3 3
2977
2980 3 3
2983
2983 1 3
2986
2986 1 3
2987
2990 1 1
2993
2993 1 3
2996
2999 3 3
3001
3001 3 2
3002
3005 1 1
3008
3008 1 3
3011
3011 1 3
3013
3019 1 2
3020
3023 1 1
3026
3026 1 3
3029
3029 1 3
3030
3036 3 1
3039
3045 2 3
3046
3049 1 1
3052
3052 1 3
3053
3056 1 1
3059
3062 3 3
3063
3066 1 1
3067
3073 3 1
3074
3077 1 1
3079
3079 3 2
3081
3081 3 2
3082
3085 1 1
3086
3089 1 1
3092
3092 1 3
3095
3101 2 3
3104
3104 1 3
3106
3112 1 2
3115
3121 2 3
3122
3125 1 1
3126
3132 3 1
3133
3136 1 1
3137
3143 3 1
3144
3147 1 1
3148
3154 3 1
3157
3157 1 3
3158
3161 1 1
3162
3165 1 1
3166
3169 1 1
3171
3171 3 2
3172
3175 1 1
3176
3179 1 1
3180
3186 3 1
3189
3192 3 3
3193
3196 1 1
3198
3201 2 2
3202
3205 1 1
3208
3214 2 3
3217
3217 1 3
3218
3221 1 1
3224
3227 3 3
3230
3230 1 3
3231
3234 1 1
3237
3237 1 3
3238
3241 1 1
3242
3248 3 1
3251
3254 3 3
3255
3258 1 1
3261
3264 3 3
3266
3266 3 2
3268
3268 3 2
3269
3272 1 1
3273
3276 1 1
3277
3280 1 1
3283
3286 3 3
3289
3292 3 3
3295
3295 1 3
3298
3301 3 3
3304
3304 1 3
3307
3313 2 3
3315
3321 1 2
3324
3330 2 3
3331
3334 1 1
3337
3337 1 3
3340
3340 1 3
3343
3343 1 3
3346
3349 3 3
3352
3352 1 3
3353
3356 1 1
3357
3360 1 1
3363
3369 2 3
3372
3372 1 3
3374
3374 3 2
3377
3380 3 3
3383
3389 2 3
3391
3391 3 2
3394
3397 3 3
3398
3401 1 1
3402
3405 1 1
3406
3412 3 1
3413
3413 2 1
3416
3419 3 3
3422
3422 1 3
3425
3425 1 3
3428
3431 3 3
3432
3435 1 1
3438
3438 1 3
3441
3441 1 3
3442
3442 2 1
3445
3451 2 3
3454
3454 1 3
3457
3457 1 3
3460
3466 2 3
3469
3469 1 3
3472
3472 1 3
3475
3481 2 3
3484
3490 2 3
3493
3496 3 3
3499
3499 1 3
3502
3505 3 3
3508
3508 1 3
3511
3511 1 3
3514
3517 3 3
3520
3520 1 3
3523
3523 1 3
3526
3532 2 3
3535
3535 1 3
3536
3539 1 1
3540
3543 1 1
3544
3547 1 1
3550
3550 1 3
3553
3556 3 3
3557
3560 1 1
3563
3563 1 3
3564
3567 1 1
3570
3570 1 3
3573
3579 2 3
3582
3588 2 3
3591
3594 3 3
3597
3597 1 3
3599
3605 1 2
3606
3612 3 1
3613
3616 1 1
3619
3619 1 3
3620
3623 1 1
3624
3627 1 1
3628
3634 3 1
3637
3640 3 3
3642
3645 2 2
3646
3649 1 1
3650
3653 1 1
3655
3655 3 2
3657
3657 3 2
3658
3661 1 1
3664
3664 1 3
3667
3667 1 3
3670
3676 2 3
3679
3685 2 3
3688
3688 1 3
3691
3694 3 3
3697
3697 1 3
3700
3703 3 3
3704
3710 3 1
3713
3713 1 3
3714
3717 1 1
3719
3725 1 2
3726
3729 1 1
3732
3732 1 3
3735
3738 3 3
3739
3742 1 1
3745
3745 1 3
3748
3748 1 3
3751
3751 1 3
3752
3755 1 1
3756
3762 3 1
3765
3771 2 3
3774
3774 1 3
3776
3782 1 2
3783
3789 3 1
3792
3792 1 3
3795
3795 1 3
3798
3798 1 3
3799
3802 1 1
3804
3810 1 2
3811
3814 1 1
3816
3816 3 2
3819
3819 1 3
3821
3821 3 2
3824
3824 1 3
3827
3827 1 3
3828
3834 3 1
3837
3837 1 3
3839
3845 1 2
3848
3851 3 3
3852
3855 1 1
3856
3859 1 1
3862
3862 1 3
3864
3870 1 2
3873
3873 1 3
3874
3877 1 1
3880
3883 3 3
3886
3886 1 3
3889
3889 1 3
3892
3898 2 3
3901
3901 1 3
3904
3904 1 3
3905
3911 3 1
3914
3920 2 3
3922
3922 3 2
3923
3926 1 1
3928
3934 1 2
3935
3935 2 1
3938
3938 1 3
3941
3944 3 3
3945
3951 3 1
3954
3957 3 3
3958
3961 1 1
3962
3965 1 1
3968
3968 1 3
3971
3971 1 3
3972
3975 1 1
3978
3978 1 3
3981
3987 2 3
3990
3996 2 3
3999
3999 1 3
4001
4004 2 2
4007
4013 2 3
4014
4017 1 1
4018
4021 1 1
4024
4027 3 3
4030
4030 1 3
4032
4032 3 2
4035
4041 2 3
4044
4047 3 3
4050
4053 3 3
4056
4056 1 3
4057
4060 1 1
4063
4069 2 3
4070
4073 1 1
4074
4077 1 1
4080
4080 1 3
4083
4083 1 3
4084
4087 1 1
4090
4096 2 3
4099
4099 1 3
4102
4105 3 3
4108
4108 1 3
4111
4111 1 3
4112
4112 2 1
4115
4118 3 3
4121
4127 2 3
4129
4129 3 2
4132
4132 1 3
4133
4136 1 1
4137
4140 1 1
4141
4141 2 1
4142
4145 1 1
4148
4154 2 3
4156
4156 3 2
4158
4158 3 2
4161
4167 2 3
4169
4169 3 2
4171
4171 3 2
4172
4175 1 1
4178
4178 1 3
4181
4181 1 3
4183
4183 3 2
4186
4192 2 3
4193
4196 1 1
4199
4199 1 3
4200
4203 1 1
4204
4204 2 1
4205
4208 1 1
4210
4210 3 2
4211
4214 1 1
4215
4218 1 1
4221
4227 2 3
4228
4231 1 1
4232
4232 2 1
4235
4235 1 3
4237
4237 3 2
4240
4246 2 3
4247
4250 1 1
4253
4253 1 3
4254
4257 1 1
4258
4261 1 1
4262
4262 2 1
4263
4266 1 1
4267
4270 1 1
4271
4274 1 1
4277
4277 1 3
4280
4280 1 3
4282
4282 3 2
4285
4285 1 3
4288
4294 2 3
4297
4300 3 3
4302
4302 3 2
4305
4308 3 3
4309
4312 1 1
4315
4315 1 3
4316
4319 1 1
4322
4325 3 3
4328
4331 3 3
4334
4337 3 3
4339
4339 3 2
4340
4343 1 1
4344
4344 2 1
4345
4345 2 1
4346
4352 3 1
4355
4358 3 3
4359
4365 3 1
4368
4371 3 3
4374
4380 2 3
4382
4388 1 2
4389
4392 1 1
4393
4399 3 1
4400
4400 2 1
4401
4404 1 1
4405
4408 1 1
4411
4411 1 3
4412
4415 1 1
4418
4418 1 3
4419
4422 1 1
4423
4426 1 1
4429
4429 1 3
4432
4432 1 3
4435
4438 3 3
4439
4442 1 1
4444
4444 3 2
4446
4446 3 2
4449
4452 3 3
4455
4455 1 3
4456
4459 1 1
4462
4462 1 3
4463
4466 1 1
4469
4469 1 3
4471
4477 1 2
4480
4480 1 3
4481
4484 1 1
4485
4488 1 1
4491
4491 1 3
4492
4495 1 1
4497
4503 1 2
4505
4511 1 2
4512
4518 3 1
4520
4526 1 2
4528
4528 3 2
4529
4535 3 1
4538
4538 1 3
4541
4544 3 3
4546
4546 3 2
4549
4552 3 3
4555
4555 1 3
4556
4562 3 1
4563
4566 1 1
4569
4572 3 3
4575
4575 1 3
4577
4577 3 2
4580
4586 2 3
4589
4589 1 3
4592
4592 1 3
4595
4595 1 3
4597
4597 3 2
4598
4601 1 1
4602
4605 1 1
4608
4608 1 3
4611
4611 1 3
4614
4614 1 3
4617
4623 2 3
4626
4629 3 3
4630
4633 1 1
4635
4635 3 2
4636
4639 1 1
4642
4642 1 3
4643
4646 1 1
4647
4653 3 1
4656
4659 3 3
4662
4662 1 3
4664
4664 3 2
4666
4672 1 2
4674
4680 1 2
4683
4683 1 3
4684
4687 1 1
4690
4690 1 3
4692
4698 1 2
4699
4702 1 1
4705
4708 3 3
4711
4711 1 3
4714
4714 1 3
4715
4718 1 1
4719
4722 1 1
4725
4731 2 3
4733
4736 2 2
4738
4741 2 2
4742
4748 3 1
4751
4751 1 3
4754
4754 1 3
4757
4760 3 3
4761
4764 1 1
4767
4767 1 3
4769
4769 3 2
4770
4770 2 1
4772
4772 3 2
4775
4775 1 3
4778
4778 1 3
4779
4782 1 1
4785
4785 1 3
4786
4789 1 1
4790
4793 1 1
4796
4799 3 3
4802
4802 1 3
4805
4805 1 3
4806
4809 1 1
4810
4813 1 1
4815
4815 3 2
4816
4819 1 1
4820
4823 1 1
4825
4825 3 2
4827
4833 1 2
4834
4840 3 1
4841
4844 1 1
4846
4846 3 2
4848
4854 1 2
4857
4857 1 3
4859
4862 2 2
4863
4866 1 1
4869
4872 3 3
4873
4873 2 1
4874
4877 1 1
4880
4883 3 3
4886
4886 1 3
4889
4895 2 3
4898
4898 1 3
4901
4901 1 3
4902
4908 3 1
4911
4911 1 3
4914
4920 2 3
4921
4927 3 1
4930
4930 1 3
4932
4932 3 2
4935
4935 1 3
4938
4941 3 3
4944
4944 1 3
4945
4951 3 1
4952
4955 1 1
4958
4958 1 3
4960
4966 1 2
4967
4967 2 1
4968
4971 1 1
4972
4972 2 1
4975
4975 1 3
4978
4978 1 3
4980
4980 3 2
4983
4983 1 3
4986
4989 3 3
4992
4992 1 3
4995
4995 1 3
4998
4998 1 3
4999
5005 3 1
5008
5008 1 3
5009
5009 2 1
5010
5013 1 1
5016
5016 1 3
5019
5022 3 3
5025
5025 1 3
5026
5029 1 1
5031
5031 3 2
5034
5034 1 3
5036
5036 3 2
5039
5039 1 3
5042
5042 1 3
5045
5048 3 3
5049
5052 1 1
5055
5055 1 3
5058
5058 1 3
5059
5059 2 1
5062
5062 1 3
5063
5066 1 1
5069
5072 3 3
5074
5077 2 2
5080
5080 1 3
5081
5084 1 1
5087
5090 3 3
5091
5094 1 1
5097
5097 1 3
5100
5100 1 3
5103
5103 1 3
5106
5109 3 3
5112
5112 1 3
5115
5115 1 3
5116
5122 3 1
5123
5126 1 1
5127
5130 1 1
5131
5137 3 1
5138
5141 1 1
5142
5145 1 1
5148
5154 2 3
5157
5157 1 3
5158
5161 1 1
5162
5162 2 1
5163
5166 1 1
5169
5169 1 3
5171
5171 3 2
5174
5174 1 3
5175
5175 2 1
5177
5177 3 2
5178
5181 1 1
5184
5187 3 3
5190
5190 1 3
5193
5199 2 3
5200
5203 1 1
5206
5206 1 3
5209
5209 1 3
5212
5215 3 3
5216
5219 1 1
5222
5225 3 3
5226
5229 1 1
5230
5236 3 1
5238
5244 1 2
5245
5248 1 1
5251
5251 1 3
5252
5258 3 1
5259
5262 1 1
5263
5266 1 1
5267
5270 1 1
5271
5274 1 1
5277
5277 1 3
5278
5281 1 1
5284
5290 2 3
5293
5296 3 3
5298
5298 3 2
5301
5307 2 3
5310
5316 2 3
5317
5317 2 1
5320
5320 1 3
5321
5324 1 1
5327
5333 2 3
5336
5336 1 3
5337
5340 1 1
5343
5346 3 3
5349
5349 1 3
5351
5351 3 2
5354
5360 2 3
5362
5362 3 2
5363
5366 1 1
5367
5373 3 1
5374
5377 1 1
5380
5380 1 3
5382
5382 3 2
5385
5385 1 3
5386
5389 1 1
5391
5397 1 2
5399
5399 3 2
5401
5401 3 2
5404
5404 1 3
5407
5407 1 3
5409
5409 3 2
5412
5412 1 3
5415
5415 1 3
5416
5419 1 1
5421
5421 3 2
5423
5426 2 2
5427
5430 1 1
5431
5434 1 1
5435
5438 1 1
5440
5440 3 2
5441
5441 2 1
5444
5444 1 3
5446
5452 1 2
5455
5455 1 3
5458
5458 1 3
5459
5462 1 1
5465
5468 3 3
5471
5471 1 3
5474
5474 1 3
5475
5481 3 1
5484
5484 1 3
5487
5493 2 3
5494
5494 2 1
5495
5498 1 1
5501
5504 3 3
5505
5508 1 1
5510
5510 3 2
5513
5513 1 3
5516
5519 3 3
5521
5521 3 2
5522
5528 3 1
5530
5530 3 2
5533
5533 1 3
5534
5537 1 1
5540
5540 1 3
5543
5543 1 3
5546
5546 1 3
5549
5555 2 3
5558
5558 1 3
5561
5564 3 3
5567
5567 1 3
5570
5573 3 3
5576
5582 2 3
5585
5588 3 3
5591
5594 3 3
5597
5597 1 3
5600
5600 1 3
5601
5601 2 1
5604
5604 1 3
5605
5608 1 1
5611
5611 1 3
5612
5615 1 1
5617
5623 1 2
5626
5626 1 3
5629
5635 2 3
5636
5642 3 1
5645
5645 1 3
5648
5648 1 3
5649
5649 2 1
5650
5653 1 1
5654
5660 3 1
5663
5666 3 3
5667
5670 1 1
5673
5673 1 3
5674
5677 1 1
5679
5679 3 2
5682
5685 3 3
5688
5688 1 3
5690
5690 3 2
5691
5694 1 1
5697
5697 1 3
5700
5700 1 3
5703
5709 2 3
5711
5711 3 2
5714
5714 1 3
5717
5717 1 3
5720
5723 3 3
5724
5727 1 1
5728
5734 3 1
5737
5737 1 3
5740
5740 1 3
5742
5748 1 2
5751
5754 3 3
5757
5760 3 3
5763
5763 1 3
5764
5767 1 1
5770
5776 2 3
5777
5780 1 1
5781
5784 1 1
5785
5788 1 1
5789
5792 1 1
5795
5795 1 3
5798
5798 1 3
5799
5802 1 1
5803
5806 1 1
5809
5812 3 3
5814
5814 3 2
5816
5816 3 2
5818
5818 3 2
5821
5821 1 3
5822
5828 3 1
5831
5837 2 3
5839
5839 3 2
5842
5845 3 3
5846
5849 1 1
5850
5853 1 1
5856
5856 1 3
5859
5862 3 3
5865
5868 3 3
5870
5876 1 2
5878
5878 3 2
5879
5879 2 1
5881
5881 3 2
5882
5885 1 1
5886
5889 1 1
5891
5897 1 2
5898
5901 1 1
5904
5904 1 3
5907
5907 1 3
5908
5911 1 1
5914
5914 1 3
5917
5917 1 3
5920
5920 1 3
5921
5924 1 1
5927
5927 1 3
5930
5936 2 3
5937
5940 1 1
5941
5944 1 1
5945
5948 1 1
5951
5954 3 3
5955
5961 3 1
5964
5964 1 3
5966
5966 3 2
5969
5972 3 3
5973
5976 1 1
5979
5979 1 3
5982
5982 1 3
5983
5986 1 1
5989
5989 1 3
5990
5993 1 1
5996
6002 2 3
6005
6005 1 3
6008
6008 1 3
6011
6011 1 3
6013
6013 3 2
6016
6019 3 3
6022
6028 2 3
6031
6031 1 3
6034
6040 2 3
6041
6044 1 1
6045
6048 1 1
6049
6052 1 1
6054
6054 3 2
6057
6057 1 3
6060
6060 1 3
6063
6063 1 3
6064
6070 3 1
6071
6074 1 1
6075
6078 1 1
6081
6081 1 3
6084
6084 1 3
6087
6087 1 3
6090
6090 1 3
6093
6099 2 3
6100
6103 1 1
6106
6106 1 3
6107
6110 1 1
6113
6116 3 3
6119
6119 1 3
6122
6122 1 3
6125
6125 1 3
6128
6134 2 3
6136
6142 1 2
6145
6145 1 3
6148
6151 3 3
6154
6160 2 3
6162
6162 3 2
6165
6165 1 3
6166
6169 1 1
6171
6171 3 2
6172
6175 1 1
6176
6179 1 1
6182
6182 1 3
6185
6185 1 3
6186
6189 1 1
6192
6198 2 3
6199
6199 2 1
6202
6205 3 3
6208
6211 3 3
6213
6219 1 2
6222
6222 1 3
6223
6226 1 1
6229
6229 1 3
6232
6232 1 3
6235
6235 1 3
6238
6238 1 3
6241
6241 1 3
6244
6250 2 3
6253
6253 1 3
6254
6254 2 1
6257
6257 1 3
6260
6260 1 3
6263
6266 3 3
6269
6275 2 3
6278
6278 1 3
6279
6285 3 1
6288
6294 2 3
6295
6301 3 1
6304
6310 2 3
6313
6313 1 3
6316
6316 1 3
6319
6319 1 3
6322
6322 1 3
6323
6326 1 1
6329
6335 2 3
6336
6339 1 1
6342
6348 2 3
6350
6350 3 2
6353
6353 1 3
6356
6356 1 3
6357
6363 3 1
6364
6367 1 1
6370
6370 1 3
6372
6378 1 2
6381
6381 1 3
6383
6383 3 2
6384
6390 3 1
6393
6396 3 3
6397
6400 1 1
6403
6403 1 3
6406
6409 3 3
6412
6412 1 3
6413
6416 1 1
6419
6419 1 3
6422
6428 2 3
6429
6432 1 1
6435
6435 1 3
6438
6444 2 3
6446
6446 3 2
6449
6449 1 3
6451
6451 3 2
6454
6454 1 3
6456
6456 3 2
6457
6457 2 1
6459
6459 3 2
6462
6462 1 3
6465
6471 2 3
6472
6475 1 1
6478
6484 2 3
6487
6493 2 3
6494
6500 3 1
6503
6503 1 3
6506
6509 3 3
6512
6512 1 3
6515
6518 3 3
6521
6521 1 3
6524
6527 3 3
6530
6536 2 3
6538
6538 3 2
6541
6544 3 3
6547
6547 1 3
6549
6549 3 2
6552
6552 1 3
6553
6559 3 1
6561
6564 2 2
6566
6569 2 2
6570
6576 3 1
6578
6578 3 2
6581
6581 1 3
6584
6587 3 3
6590
6590 1 3
6591
6597 3 1
6600
6600 1 3
6603
6603 1 3
6605
6605 3 2
6608
6608 1 3
6611
6611 1 3
6612
6618 3 1
6620
6626 1 2
6627
6630 1 1
6631
6634 1 1
6637
6643 2 3
6646
6646 1 3
6649
6652 3 3
6655
6655 1 3
6658
6664 2 3
6666
6666 3 2
6669
6672 3 3
6675
6675 1 3
6677
6677 3 2
6678
6678 2 1
6681
6684 3 3
6685
6688 1 1
6689
6695 3 1
6697
6697 3 2
6699
6699 3 2
6701
6701 3 2
6704
6704 1 3
6707
6707 1 3
6709
6712 2 2
6714
6714 3 2
6717
6717 1 3
6718
6721 1 1
6724
6724 1 3
6725
6728 1 1
6731
6731 1 3
6732
6738 3 1
6741
6744 3 3
6745
6748 1 1
6751
6754 3 3
6755
6755 2 1
6756
6759 1 1
6762
6765 3 3
6768
6768 1 3
6769
6775 3 1
6777
6783 1 2
6786
6786 1 3
6787
6790 1 1
6793
6793 1 3
6796
6799 3 3
6802
6808 2 3
6811
6817 2 3
6820
6820 1 3
6822
6822 3 2
6825
6825 1 3
6828
6831 3 3
6833
6833 3 2
6836
6839 3 3
6842
6842 1 3
6845
6845 1 3
6846
6846 2 1
6847
6853 3 1
6856
6859 3 3
6860
6863 1 1
6866
6866 1 3
6868
6874 1 2
6876
6876 3 2
6877
6880 1 1
6883
6883 1 3
6885
6885 3 2
6888
6888 1 3
6889
6889 2 1
6892
6892 1 3
6895
6895 1 3
6898
6898 1 3
6901
6901 1 3
6902
6908 3 1
6909
6912 1 1
6915
6915 1 3
6917
6923 1 2
6924
6927 1 1
6929
6932 2 2
6933
6936 1 1
6937
6940 1 1
6941
6944 1 1
6945
6948 1 1
6951
6957 2 3
6958
6961 1 1
6963
6963 3 2
6964
6970 3 1
6971
6974 1 1
6977
6977 1 3
6978
6981 1 1
6984
6984 1 3
6987
6987 1 3
6990
6990 1 3
6993
6993 1 3
6994
6997 1 1
7000
7000 1 3
7001
7007 3 1
7010
7013 3 3
7016
7019 3 3
7020
7023 1 1
7025
7028 2 2
7029
7032 1 1
7034
7034 3 2
7035
7038 1 1
7041
7044 3 3
7045
7048 1 1
7051
7051 1 3
7054
7054 1 3
7057
7057 1 3
7060
7060 1 3
7061
7067 3 1
7068
7071 1 1
7073
7073 3 2
7076
7076 1 3
7079
7079 1 3
7081
7081 3 2
7084
7084 1 3
7085
7088 1 1
7091
7091 1 3
7092
7095 1 1
7098
7098 1 3
7100
7103 2 2
7105
7105 3 2
7107
7110 2 2
7112
7112 3 2
7114
7120 1 2
7123
7123 1 3
7124
7130 3 1
7131
7131 2 1
7132
7135 1 1
7137
7143 1 2
7146
7149 3 3
7150
7153 1 1
7156
7162 2 3
7163
7166 1 1
7167
7170 1 1
7172
7178 1 2
7179
7182 1 1
7185
7185 1 3
7188
7188 1 3
7191
7194 3 3
7195
7201 3 1
7204
7204 1 3
7206
7206 3 2
7209
7209 1 3
7212
7212 1 3
7213
7219 3 1
7221
7227 1 2
7230
7230 1 3
7231
7234 1 1
7237
7237 1 3
7240
7240 1 3
7241
7247 3 1
7250
7250 1 3
7253
7253 1 3
7256
7256 1 3
7258
7258 3 2
7259
7262 1 1
7263
7266 1 1
7267
7270 1 1
7273
7276 3 3
7279
7279 1 3
7281
7281 3 2
7282
7285 1 1
7286
7289 1 1
7291
7291 3 2
7292
7298 3 1
7300
7300 3 2
7302
7308 1 2
7309
7315 3 1
7318
7318 1 3
7321
7321 1 3
7323
7329 1 2
7330
7336 3 1
7339
7339 1 3
7342
7342 1 3
7345
7345 1 3
7347
7347 3 2
7348
7354 3 1
7357
7357 1 3
7360
7366 2 3
7369
7369 1 3
7370
7373 1 1
7375
7375 3 2
7376
7379 1 1
7381
7381 3 2
7383
7383 3 2
7384
7387 1 1
7389
7389 3 2
7390
7393 1 1
7395
7395 3 2
7398
7404 2 3
7407
7407 1 3
7408
7411 1 1
7414
7414 1 3
7415
7418 1 1
7419
7422 1 1
7425
7425 1 3
7426
7429 1 1
7430
7433 1 1
7436
7439 3 3
7442
7442 1 3
7444
7447 2 2
7448
7454 3 1
7455
7455 2 1
7456
7456 2 1
7459
7459 1 3
7461
7467 1 2
7469
7472 2 2
7475
7475 1 3
7476
7479 1 1
7480
7483 1 1
7485
7485 3 2
7486
7492 3 1
7495
7501 2 3
7504
7504 1 3
7506
7506 3 2
7507
7513 3 1
7515
7515 3 2
7517
7523 1 2
7526
7526 1 3
7527
7533 3 1
7534
7537 1 1
7538
7541 1 1
7544
7544 1 3
7547
7547 1 3
7550
7556 2 3
7557
7563 3 1
7566
7566 1 3
7569
7575 2 3
7576
7579 1 1
7581
7584 2 2
7585
7591 3 1
7592
7595 1 1
7597
7603 1 2
7604
7610 3 1
7611
7614 1 1
7616
7616 3 2
7619
7619 1 3
7622
7622 1 3
7623
7626 1 1
7627
7630 1 1
7633
7636 3 3
7639
7642 3 3
7645
7651 2 3
7652
7655 1 1
7658
7664 2 3
7666
7669 2 2
7672
7672 1 3
7675
7675 1 3
7677
7677 3 2
7680
7680 1 3
7682
7685 2 2
7688
7688 1 3
7689
7692 1 1
7695
7698 3 3
7701
7704 3 3
7705
7708 1 1
7709
7712 1 1
7713
7716 1 1
7719
7719 1 3
7722
7722 1 3
7724
7724 3 2
7725
7728 1 1
7729
7732 1 1
7735
7735 1 3
7736
7739 1 1
7740
7746 3 1
7749
7749 1 3
7750
7753 1 1
7756
7762 2 3
7763
7763 2 1
7764
7767 1 1
7768
7771 1 1
7774
7774 1 3
7777
7783 2 3
7784
7787 1 1
7790
7790 1 3
7792
7792 3 2
7794
7794 3 2
7797
7803 2 3
7806
7809 3 3
7810
7813 1 1
7814
7814 2 1
7815
7815 2 1
7818
7818 1 3
7819
7822 1 1
7825
7825 1 3
7827
7827 3 2
7828
7831 1 1
7832
7835 1 1
7837
7840 2 2
7842
7842 3 2
7843
7846 1 1
7847
7850 1 1
7852
7852 3 2
7855
7855 1 3
7858
7858 1 3
7861
7864 3 3
7867
7867 1 3
7870
7876 2 3
7878
7884 1 2
7887
7887 1 3
7889
7889 3 2
7891
7894 2 2
7895
7898 1 1
7899
7905 3 1
7906
7909 1 1
7912
7915 3 3
7918
7918 1 3
7919
7922 1 1
7925
7925 1 3
7928
7928 1 3
7929
7932 1 1
7935
7941 2 3
7944
7947 3 3
7950
7950 1 3
7951
7954 1 1
7955
7961 3 1
7962
7965 1 1
7967
7967 3 2
7970
7976 2 3
7977
7977 2 1
7980
7983 3 3
7984
7990 3 1
7991
7994 1 1
7995
7998 1 1
8001
8001 1 3
8002
8005 1 1
8007
8007 3 2
8010
8016 2 3
8019
8019 1 3
8022
8025 3 3
8028
8028 1 3
8031
8031 1 3
8032
8035 1 1
8036
8036 2 1
8037
8040 1 1
8043
8043 1 3
8044
8047 1 1
8048
8051 1 1
8054
8054 1 3
8057
8057 1 3
8059
8065 1 2
8068
8068 1 3
8071
8074 3 3
8077
8083 2 3
8084
8087 1 1
8088
8091 1 1
8092
8095 1 1
8098
8098 1 3
8101
8107 2 3
8110
8110 1 3
8113
8113 1 3
8116
8119 3 3
8121
8121 3 2
8123
8123 3 2
8126
8126 1 3
8127
8130 1 1
8133
8133 1 3
8136
8139 3 3
8140
8143 1 1
8144
8147 1 1
8150
8150 1 3
8153
8153 1 3
8154
8160 3 1
8162
8165 2 2
8166
8169 1 1
8172
8178 2 3
8181
8187 2 3
8190
8190 1 3
8193
8193 1 3
8196
8199 3 3
8202
8205 3 3
8206
8209 1 1
8210
8213 1 1
8216
8216 1 3
8219
8222 3 3
8225
8225 1 3
8228
8231 3 3
8232
8232 2 1
8233
8236 1 1
8239
8239 1 3
8242
8242 1 3
8245
8248 3 3
8249
8252 1 1
8255
8255 1 3
8257
8260 2 2
8261
8261 2 1
8262
8265 1 1
8267
8267 3 2
8268
8274 3 1
8276
8276 3 2
8277
8277 2 1
8278
8281 1 1
8283
8283 3 2
8286
8286 1 3
8288
8291 2 2
8293
8299 1 2
8300
8303 1 1
8305
8305 3 2
8308
8308 1 3
8311
8311 1 3
8314
8314 1 3
8317
8317 1 3
8320
8320 1 3
8323
8326 3 3
8329
8329 1 3
8332
8332 1 3
8335
8335 1 3
8336
8342 3 1
8343
8343 2 1
8346
8349 3 3
8350
8353 1 1
8354
8354 2 1
8355
8358 1 1
8360
8360 3 2
8361
8364 1 1
8365
8371 3 1
8372
8375 1 1
8378
8378 1 3
8381
8381 1 3
8382
8382 2 1
8383
8386 1 1
8389
8389 1 3
8390
8393 1 1
8396
8399 3 3
8402
8402 1 3
8405
8405 1 3
8406
8409 1 1
8412
8415 3 3
8418
8418 1 3
8419
8425 3 1
8428
8428 1 3
8431
8431 1 3
8434
8434 1 3
8437
8437 1 3
8440
8446 2 3
8447
8450 1 1
8451
8454 1 1
8456
8456 3 2
8459
8459 1 3
8462
8462 1 3
8465
8471 2 3
8472
8475 1 1
8478
8478 1 3
8480
8486 1 2
8489
8489 1 3
8490
8496 3 1
8499
8505 2 3
8508
8508 1 3
8509
8512 1 1
8514
8517 2 2
8520
8520 1 3
8521
8524 1 1
8525
8531 3 1
8532
8538 3 1
8539
8542 1 1
8545
8545 1 3
8546
8549 1 1
8552
8552 1 3
8555
8561 2 3
8563
8566 2 2
8568
8574 1 2
8577
8577 1 3
8579
8579 3 2
8582
8588 2 3
8591
8591 1 3
8592
8598 3 1
8600
8600 3 2
8603
8606 3 3
8607
8613 3 1
8614
8617 1 1
8620
8620 1 3
8621
8624 1 1
8625
8628 1 1
8631
8631 1 3
8632
8635 1 1
8636
8639 1 1
8640
8643 1 1
8646
8646 1 3
8649
8652 3 3
8654
8654 3 2
8657
8657 1 3
8658
8661 1 1
8662
8668 3 1
8671
8677 2 3
8680
8683 3 3
8685
8685 3 2
8687
8687 3 2
8690
8690 1 3
8691
8694 1 1
8697
8697 1 3
8700
8700 1 3
8703
8703 1 3
8704
8707 1 1
8710
8710 1 3
8713
8713 1 3
8714
8717 1 1
8720
8723 3 3
8724
8727 1 1
8728
8731 1 1
8734
8734 1 3
8735
8741 3 1
8743
8746 2 2
8747
8750 1 1
8753
8756 3 3
8757
8760 1 1
8761
8767 3 1
8770
8770 1 3
8771
8774 1 1
8776
8782 1 2
8785
8788 3 3
8789
8792 1 1
8795
8795 1 3
8796
8802 3 1
8803
8803 2 1
8806
8806 1 3
8809
8809 1 3
8810
8813 1 1
8814
8817 1 1
8820
8820 1 3
8822
8822 3 2
8825
8828 3 3
8829
8832 1 1
8835
8835 1 3
8838
8841 3 3
8842
8848 3 1
8849
8852 1 1
8855
8855 1 3
8856
8859 1 1
8860
8863 1 1
8864
8864 2 1
8867
8870 3 3
8873
8879 2 3
8882
8882 1 3
8883
8886 1 1
8887
8890 1 1
8892
8895 2 2
8898
8898 1 3
8899
8902 1 1
8903
8906 1 1
8909
8909 1 3
8912
8912 1 3
8915
8915 1 3
8916
8919 1 1
8921
8921 3 2
8924
8924 1 3
8926
8926 3 2
8929
8929 1 3
8932
8932 1 3
8933
8936 1 1
8939
8942 3 3
8945
8945 1 3
8946
8946 2 1
8947
8950 1 1
8953
8956 3 3
8957
8960 1 1
8962
8968 1 2
8969
8969 2 1
8970
8976 3 1
8977
8980 1 1
8981
8984 1 1
8987
8987 1 3
8988
8991 1 1
8992
8995 1 1
8996
8999 1 1
9001
9001 3 2
9003
9009 1 2
9012
9012 1 3
9015
9021 2 3
9024
9030 2 3
9033
9039 2 3
9042
9042 1 3
9045
9045 1 3
9048
9048 1 3
9049
9052 1 1
9053
9053 2 1
9055
9055 3 2
9056
9059 1 1
9062
9062 1 3
9065
9068 3 3
9070
9073 2 2
9074
9077 1 1
9080
9080 1 3
9083
9083 1 3
9084
9087 1 1
9088
9091 1 1
9094
9100 2 3
9101
9104 1 1
9106
9106 3 2
9109
9109 1 3
9110
9113 1 1
9114
9117 1 1
9120
9120 1 3
9123
9123 1 3
9126
9126 1 3
9129
9129 1 3
9132
9132 1 3
9133
9136 1 1
9139
9139 1 3
9140
9143 1 1
9144
9147 1 1
9150
9153 3 3
9154
9157 1 1
9160
9163 3 3
9166
9166 1 3
9168
9168 3 2
9169
9172 1 1
9175
9175 1 3
9178
9181 3 3
9184
9184 1 3
9187
9187 1 3
9188
9191 1 1
9192
9195 1 1
9198
9198 1 3
9199
9202 1 1
9205
9205 1 3
9208
9214 2 3
9215
9218 1 1
9219
9222 1 1
9223
9229 3 1
9232
9232 1 3
9233
9236 1 1
9239
9239 1 3
9241
9241 3 2
9243
9243 3 2
9245
9245 3 2
9247
9247 3 2
9250
9253 3 3
9256
9256 1 3
9257
9257 2 1
9260
9263 3 3
9264
9267 1 1
9270
9270 1 3
9272
9272 3 2
9273
9276 1 1
9279
9279 1 3
9280
9280 2 1
9283
9283 1 3
9284
9290 3 1
9293
9296 3 3
9297
9303 3 1
9304
9310 3 1
9313
9313 1 3
9316
9316 1 3
9317
9317 2 1
9320
9320 1 3
9323
9323 1 3
9326
9326 1 3
9329
9335 2 3
9338
9338 1 3
9341
9344 3 3
9345
9348 1 1
9349
9352 1 1
9355
9355 1 3
9356
9359 1 1
9362
9362 1 3
9365
9368 3 3
9371
9374 3 3
9377
9377 1 3
9380
9383 3 3
9384
9390 3 1
9393
9393 1 3
9394
9397 1 1
9400
9406 2 3
9407
9410 1 1
9412
9415 2 2
9416
9422 3 1
9423
9426 1 1
9428
9434 1 2
9437
9437 1 3
9440
9440 1 3
9441
9444 1 1
9445
9448 1 1
9451
9451 1 3
9452
9455 1 1
9458
9458 1 3
9459
9462 1 1
9465
9465 1 3
9466
9469 1 1
9471
9477 1 2
9478
9481 1 1
9484
9487 3 3
9490
9490 1 3
9493
9493 1 3
9494
9497 1 1
9498
9501 1 1
9504
9504 1 3
9505
9508 1 1
9510
9510 3 2
9513
9516 3 3
9519
9519 1 3
9521
9527 1 2
9530
9530 1 3
9531
9534 1 1
9537
9537 1 3
9538
9544 3 1
9545
9545 2 1
9548
9548 1 3
9551
9554 3 3
9556
9559 2 2
9562
9562 1 3
9565
9565 1 3
9567
9567 3 2
9568
9571 1 1
9574
9574 1 3
9577
9577 1 3
9580
9583 3 3
9585
9585 3 2
9588
9588 1 3
9590
9593 2 2
9594
9597 1 1
9599
9599 3 2
9600
9603 1 1
9604
9607 1 1
9610
9610 1 3
9613
9616 3 3
9619
9619 1 3
9622
9622 1 3
9623
9626 1 1
9629
9632 3 3
9633
9636 1 1
9638
9638 3 2
9640
9640 3 2
9641
9644 1 1
9645
9645 2 1
9646
9652 3 1
9654
9660 1 2
9661
9664 1 1
9667
9667 1 3
9668
9668 2 1
9669
9672 1 1
9675
9681 2 3
9684
9684 1 3
9685
9688 1 1
9689
9695 3 1
9696
9699 1 1
9700
9700 2 1
9701
9704 1 1
9707
9707 1 3
9708
9711 1 1
9713
9713 3 2
9716
9716 1 3
9719
9722 3 3
9724
9724 3 2
9725
9728 1 1
9729
9729 2 1
9731
9731 3 2
9732
9738 3 1
9739
9742 1 1
9745
9745 1 3
9746
9749 1 1
9752
9752 1 3
9753
9756 1 1
9757
9760 1 1
9763
9763 1 3
9766
9766 1 3
9767
9770 1 1
9773
9773 1 3
9775
9781 1 2
9782
9785 1 1
9786
9789 1 1
9791
9797 1 2
9800
9800 1 3
9803
9803 1 3
9806
9809 3 3
9810
9813 1 1
9816
9816 1 3
9817
9820 1 1
9821
9824 1 1
9825
9825 2 1
9826
9829 1 1
9831
9834 2 2
9836
9836 3 2
9839
9839 1 3
9842
9848 2 3
9851
9851 1 3
9853
9856 2 2
9859
9859 1 3
9861
9861 3 2
9864
9864 1 3
9865
9868 1 1
9869
9872 1 1
9875
9875 1 3
9876
9882 3 1
9885
9888 3 3
9889
9889 2 1
9890
9893 1 1
9896
9896 1 3
9897
9900 1 1
9903
9903 1 3
9906
9906 1 3
9907
9907 2 1
9910
9910 1 3
9911
9914 1 1
9917
9920 3 3
9922
9925 2 2
9927
9927 3 2
9928
9934 3 1
9935
9938 1 1
9941
9941 1 3
9942
9945 1 1
9947
9947 3 2
9950
9950 1 3
9953
9956 3 3
9957
9960 1 1
9961
9964 1 1
9965
9968 1 1
9971
9971 1 3
9974
9974 1 3
9977
9977 1 3
9978
9978 2 1
9979
9985 3 1
9987
9993 1 2
9996
10002 2 3
10003
10006 1 1
10009
10009 1 3
10012
10012 1 3
10013
10019 3 1
10021
10021 3 2
10022
10025 1 1
10028
10028 1 3
10030
10030 3 2
10031
10034 1 1
10037
10037 1 3
10038
10041 1 1
10044
10044 1 3
10045
10048 1 1
10049
10052 1 1
10055
10061 2 3
10062
10065 1 1
10066
10072 3 1
10073
10076 1 1
10077
10080 1 1
10081
10084 1 1
10087
10087 1 3
10090
10090 1 3
10091
10094 1 1
10097
10097 1 3
10099
10099 3 2
10102
10105 3 3
10108
10114 2 3
10115
10115 2 1
10118
10118 1 3
10119
10122 1 1
10123
10129 3 1
10131
10131 3 2
10132
10135 1 1
10138
10144 2 3
10147
10153 2 3
10156
10156 1 3
10159
10165 2 3
10167
10167 3 2
10168
10171 1 1
10172
10175 1 1
10176
10179 1 1
10181
10181 3 2
10184
10184 1 3
10185
10188 1 1
10191
10191 1 3
10194
10194 1 3
10197
10197 1 3
10198
10201 1 1
10204
10204 1 3
10205
10208 1 1
10211
10211 1 3
10213
10213 3 2
10214
10217 1 1
10218
10224 3 1
10226
10226 3 2
10228
10228 3 2
10229
10235 3 1
10236
10239 1 1
10241
10241 3 2
10244
10244 1 3
10246
10246 3 2
10249
10255 2 3
10258
10264 2 3
10267
10270 3 3
10271
10274 1 1
10275
10275 2 1
10276
10282 3 1
10285
10285 1 3
10287
10293 1 2
10296
10296 1 3
10299
10305 2 3
10308
10308 1 3
10311
10317 2 3
10318
10321 1 1
10322
10325 1 1
10328
10328 1 3
10331
10331 1 3
10333
10339 1 2
10342
10342 1 3
10343
10346 1 1
10348
10354 1 2
10357
10357 1 3
10360
10360 1 3
10363
10363 1 3
10366
10366 1 3
10367
10367 2 1
10370
10370 1 3
10373
10373 1 3
10376
10376 1 3
10379
10379 1 3
10381
10381 3 2
10383
10386 2 2
10387
10393 3 1
10396
10396 1 3
10399
10405 2 3
10406
10406 2 1
10407
10410 1 1
10413
10416 3 3
10419
10419 1 3
10422
10425 3 3
10428
10428 1 3
10429
10432 1 1
10433
10436 1 1
10437
10440 1 1
10441
10444 1 1
10445
10448 1 1
10451
10451 1 3
10453
10453 3 2
10454
10457 1 1
10458
10464 3 1
10466
10472 1 2
10473
10479 3 1
10480
10486 3 1
10487
10490 1 1
10493
10493 1 3
10494
10497 1 1
10500
10503 3 3
10504
10507 1 1
10509
10509 3 2
10512
10518 2 3
10520
10520 3 2
10523
10526 3 3
10527
10527 2 1
10530
10530 1 3
10532
10532 3 2
10535
10535 1 3
10537
10537 3 2
10538
10541 1 1
10542
10545 1 1
10546
10549 1 1
10552
10552 1 3
10555
10555 1 3
10558
10558 1 3
10561
10561 1 3
10564
10567 3 3
10569
10569 3 2
10570
10573 1 1
10575
10575 3 2
10577
10580 2 2
10581
10584 1 1
10585
10588 1 1
10591
10591 1 3
10593
10593 3 2
10596
10599 3 3
10600
10603 1 1
10604
10607 1 1
10610
10610 1 3
10613
10613 1 3
10614
10617 1 1
10618
10621 1 1
10624
10624 1 3
